1.0 1.0 1.0 1.0 1.0 1.0 1.0 1.0 1.0 1.0 1.0 1.0 1.0 1.0 1.0 1.0 1.0 1.0 1.0 1.0 1.0 1.0 1.0 1.0 1.0 1.0 1.0 1.0 1.0 1.0 1.0 1.0 1.0 1.0 1.0 1.0 1.0 1.0 1.0 1.0 1.0 1.0 1.0 1.0 1.0 1.0 1.0 1.0 1.0 0.0 0.0 0.0 0.0 0.0 0.0 0.0 0.0 0.0 0.0 0.0 0.0 0.0 0.0 0.0 0.0 0.0 0.0 0.0 0.0 0.0 0.0 0.0 0.0 1.0 0.0 0.0 0.0 0.0 0.0 0.0 0.0 0.0 0.0 0.0 0.0 0.0 0.0 0.0 0.0 0.0 0.0 0.0 0.0 0.0 0.0 0.0 0.0 0.0 0.9633061289787292
1.0 1.0 1.0 1.0 1.0 1.0 1.0 1.0 1.0 1.0 1.0 1.0 1.0 1.0 1.0 1.0 1.0 1.0 1.0 1.0 1.0 1.0 1.0 1.0 1.0 1.0 1.0 1.0 1.0 1.0 1.0 1.0 1.0 1.0 1.0 1.0 1.0 1.0 1.0 1.0 1.0 1.0 1.0 1.0 1.0 1.0 1.0 1.0 1.0 0.0 0.0 0.0 0.0 0.0 0.0 0.0 0.0 0.0 0.0 0.0 0.0 0.0 0.0 0.0 0.0 0.0 0.0 0.0 0.0 0.0 0.0 0.0 0.0 1.0 0.0 0.0 0.0 0.0 1.0 0.0 0.0 0.0 0.0 0.0 0.0 0.0 0.0 0.0 0.0 0.0 0.0 0.0 0.0 0.0 0.0 0.0 0.0 0.0 0.9633061289787292
1.0 1.0 1.0 1.0 1.0 1.0 1.0 1.0 1.0 1.0 1.0 1.0 1.0 1.0 1.0 1.0 1.0 1.0 1.0 1.0 1.0 1.0 1.0 1.0 1.0 1.0 1.0 1.0 1.0 1.0 1.0 1.0 1.0 1.0 1.0 1.0 1.0 1.0 1.0 1.0 1.0 1.0 1.0 1.0 1.0 1.0 1.0 1.0 1.0 0.0 0.0 0.0 0.0 0.0 0.0 0.0 0.0 0.0 0.0 0.0 0.0 0.0 0.0 0.0 0.0 0.0 0.0 0.0 0.0 0.0 0.0 0.0 0.0 1.0 0.0 1.0 0.0 0.0 0.0 0.0 1.0 0.0 0.0 0.0 0.0 0.0 0.0 0.0 0.0 0.0 0.0 0.0 0.0 0.0 0.0 0.0 0.0 0.0 0.9633061289787292
1.0 1.0 1.0 1.0 1.0 1.0 1.0 1.0 1.0 1.0 1.0 1.0 1.0 1.0 1.0 1.0 1.0 1.0 1.0 1.0 1.0 1.0 1.0 1.0 1.0 1.0 1.0 1.0 1.0 1.0 1.0 1.0 1.0 1.0 1.0 1.0 1.0 1.0 1.0 1.0 1.0 1.0 1.0 1.0 1.0 1.0 1.0 1.0 1.0 0.0 0.0 0.0 0.0 0.0 0.0 0.0 0.0 1.0 0.0 1.0 0.0 0.0 0.0 0.0 1.0 0.0 0.0 0.0 0.0 0.0 0.0 0.0 0.0 1.0 0.0 0.0 0.0 0.0 0.0 0.0 0.0 0.0 0.0 0.0 0.0 0.0 0.0 0.0 0.0 0.0 0.0 0.0 0.0 0.0 0.0 0.0 0.0 0.0 0.9604886770248413
1.0 1.0 1.0 1.0 1.0 1.0 1.0 1.0 1.0 1.0 1.0 1.0 1.0 1.0 1.0 1.0 1.0 1.0 1.0 1.0 1.0 1.0 1.0 1.0 1.0 1.0 1.0 1.0 1.0 1.0 1.0 1.0 1.0 1.0 1.0 1.0 1.0 1.0 1.0 1.0 1.0 1.0 1.0 1.0 1.0 1.0 1.0 1.0 1.0 0.0 0.0 0.0 0.0 0.0 0.0 0.0 0.0 0.0 0.0 1.0 0.0 1.0 0.0 0.0 0.0 0.0 1.0 0.0 0.0 0.0 0.0 0.0 0.0 1.0 0.0 1.0 0.0 0.0 0.0 0.0 0.0 0.0 0.0 0.0 0.0 0.0 0.0 0.0 0.0 0.0 0.0 0.0 0.0 0.0 0.0 0.0 0.0 0.0 0.9633061289787292
1.0 1.0 1.0 1.0 1.0 1.0 1.0 1.0 1.0 1.0 1.0 1.0 1.0 1.0 1.0 1.0 1.0 1.0 1.0 1.0 1.0 1.0 1.0 1.0 1.0 1.0 1.0 1.0 1.0 1.0 1.0 1.0 1.0 1.0 1.0 1.0 1.0 1.0 1.0 1.0 1.0 1.0 1.0 1.0 1.0 1.0 1.0 1.0 1.0 0.0 0.0 0.0 0.0 0.0 0.0 0.0 0.0 0.0 1.0 0.0 1.0 0.0 0.0 0.0 0.0 1.0 0.0 0.0 0.0 0.0 0.0 0.0 1.0 1.0 1.0 0.0 0.0 0.0 0.0 0.0 0.0 0.0 0.0 0.0 0.0 0.0 0.0 0.0 0.0 0.0 0.0 0.0 0.0 0.0 0.0 0.0 0.0 0.0 0.967485249042511
1.0 1.0 1.0 1.0 1.0 1.0 1.0 1.0 1.0 1.0 1.0 1.0 1.0 1.0 1.0 1.0 1.0 1.0 1.0 1.0 1.0 1.0 1.0 1.0 1.0 1.0 1.0 1.0 1.0 1.0 1.0 1.0 1.0 1.0 1.0 1.0 1.0 1.0 1.0 1.0 1.0 1.0 1.0 1.0 1.0 1.0 1.0 1.0 1.0 0.0 0.0 0.0 0.0 0.0 0.0 0.0 0.0 0.0 0.0 0.0 0.0 0.0 0.0 0.0 0.0 0.0 0.0 0.0 0.0 0.0 0.0 0.0 1.0 1.0 1.0 0.0 0.0 0.0 0.0 1.0 0.0 0.0 0.0 0.0 0.0 0.0 1.0 1.0 1.0 0.0 0.0 0.0 0.0 0.0 0.0 0.0 0.0 0.0 0.9765506982803345
1.0 1.0 1.0 1.0 1.0 1.0 1.0 1.0 1.0 1.0 1.0 1.0 1.0 1.0 1.0 1.0 1.0 1.0 1.0 1.0 1.0 1.0 1.0 1.0 1.0 1.0 1.0 1.0 1.0 1.0 1.0 1.0 1.0 1.0 1.0 1.0 1.0 1.0 1.0 1.0 1.0 1.0 1.0 1.0 1.0 1.0 1.0 1.0 1.0 0.0 0.0 0.0 0.0 0.0 0.0 0.0 0.0 0.0 0.0 0.0 0.0 0.0 0.0 0.0 1.0 1.0 1.0 0.0 0.0 0.0 0.0 1.0 0.0 1.0 0.0 0.0 0.0 0.0 1.0 1.0 1.0 0.0 0.0 0.0 0.0 0.0 0.0 0.0 0.0 0.0 0.0 0.0 0.0 0.0 0.0 0.0 0.0 0.0 0.9760936498641968
0.984375 0.984375 0.984375 0.984375 0.984375 0.984375 0.984375 0.984375 0.984375 0.984375 0.984375 0.984375 0.984375 0.984375 0.984375 0.984375 0.984375 0.984375 0.984375 0.984375 0.984375 0.984375 0.984375 0.984375 0.984375 0.984375 0.984375 0.984375 0.984375 0.984375 0.984375 0.984375 0.984375 0.984375 0.984375 0.984375 0.984375 0.984375 0.984375 0.984375 0.984375 0.984375 0.984375 0.984375 0.984375 0.984375 0.984375 0.984375 0.984375 0.0 0.0 0.0 0.0 0.0 0.0 0.0 0.0 0.0 0.0 0.0 0.0 0.0 0.0 0.0 0.0 1.0 1.0 1.0 0.0 0.0 0.0 0.0 1.0 1.0 1.0 0.0 0.0 0.0 0.0 1.0 1.0 1.0 0.0 0.0 0.0 0.0 0.0 0.0 0.0 0.0 0.0 0.0 0.0 0.0 0.0 0.0 0.0 0.0 0.9812310934066772
0.96875 0.96875 0.96875 0.96875 0.96875 0.96875 0.96875 0.96875 0.96875 0.96875 0.96875 0.96875 0.96875 0.96875 0.96875 0.984375 0.96875 0.96875 0.96875 0.96875 0.96875 0.96875 0.96875 0.96875 0.96875 0.96875 0.96875 0.96875 0.96875 0.96875 0.96875 0.96875 0.96875 0.96875 0.96875 0.96875 0.96875 0.96875 0.96875 0.96875 0.96875 0.96875 0.96875 0.96875 0.96875 0.96875 0.96875 0.96875 0.96875 0.0 0.0 0.0 0.0 0.0 0.0 0.0 1.0 1.0 1.0 0.0 0.0 0.0 0.0 1.0 1.0 1.0 0.0 0.0 0.0 0.0 1.0 1.0 1.0 1.0 0.0 0.0 0.0 0.0 0.0 0.0 0.0 0.0 0.0 0.0 0.0 0.0 0.0 0.0 0.0 0.0 0.0 0.0 0.0 0.0 0.0 0.0 0.0 0.0 0.97202068567276
0.96875 0.96875 0.96875 0.96875 0.96875 0.96875 0.96875 0.96875 0.96875 0.96875 0.96875 0.96875 0.96875 0.96875 0.96875 0.96875 0.96875 0.96875 0.96875 0.96875 0.96875 0.96875 0.96875 0.96875 0.984375 0.96875 0.96875 0.96875 0.96875 0.96875 0.96875 0.96875 0.96875 1.0 0.96875 0.96875 0.96875 0.96875 0.96875 0.96875 0.96875 0.96875 0.96875 0.96875 0.96875 0.96875 0.96875 0.96875 0.96875 0.0 0.0 0.0 0.0 0.0 0.0 0.0 0.0 0.0 0.0 0.0 0.0 0.0 0.0 0.0 0.0 1.0 1.0 1.0 0.0 0.0 0.0 0.0 1.0 1.0 1.0 0.0 0.0 0.0 0.0 1.0 1.0 1.0 1.0 0.0 0.0 0.0 0.0 0.0 0.0 0.0 0.0 0.0 0.0 0.0 0.0 0.0 0.0 0.0 0.9809251427650452
0.96875 0.96875 0.96875 0.96875 0.96875 0.96875 0.96875 0.96875 0.96875 0.96875 0.96875 0.96875 0.96875 0.96875 0.96875 0.96875 0.96875 0.96875 0.96875 0.96875 0.96875 0.96875 1.0 0.96875 0.96875 0.96875 0.96875 0.96875 0.96875 0.96875 0.96875 1.0 0.96875 0.96875 0.96875 0.96875 0.96875 0.96875 0.96875 0.96875 0.96875 0.96875 0.96875 0.96875 0.96875 0.96875 0.96875 0.96875 0.96875 0.0 0.0 0.0 0.0 0.0 0.0 0.0 0.0 0.0 0.0 0.0 0.0 0.0 0.0 1.0 1.0 1.0 0.0 0.0 0.0 0.0 1.0 1.0 1.0 1.0 0.0 0.0 0.0 1.0 1.0 1.0 1.0 0.0 0.0 0.0 0.0 0.0 0.0 0.0 0.0 0.0 0.0 0.0 0.0 0.0 0.0 0.0 0.0 0.0 0.9801708459854126
0.96875 0.96875 0.96875 0.96875 0.96875 0.96875 0.96875 0.96875 0.96875 0.96875 0.96875 0.96875 0.96875 0.96875 0.96875 0.96875 0.96875 0.96875 0.96875 0.96875 0.96875 0.96875 0.96875 0.96875 0.96875 0.96875 0.96875 0.96875 0.96875 1.0 0.96875 1.0 0.96875 0.96875 0.96875 0.96875 0.96875 0.96875 1.0 0.96875 0.96875 0.96875 0.96875 0.96875 0.96875 0.96875 0.96875 0.96875 0.96875 0.0 0.0 0.0 0.0 0.0 0.0 0.0 0.0 0.0 0.0 0.0 0.0 0.0 0.0 0.0 0.0 0.0 0.0 0.0 0.0 0.0 1.0 1.0 1.0 1.0 0.0 0.0 0.0 1.0 1.0 1.0 1.0 0.0 0.0 0.0 1.0 1.0 1.0 1.0 0.0 0.0 0.0 0.0 0.0 0.0 0.0 0.0 0.0 0.0 0.9827458262443542
0.96875 0.96875 0.96875 0.96875 0.96875 0.96875 0.96875 0.96875 0.96875 0.96875 0.96875 0.96875 0.96875 0.96875 0.96875 0.96875 0.96875 0.96875 1.0 0.96875 0.96875 0.96875 0.96875 1.0 0.96875 1.0 0.96875 0.96875 0.96875 0.96875 0.96875 0.96875 1.0 0.96875 0.96875 0.96875 0.96875 0.96875 0.96875 0.96875 0.96875 0.96875 0.96875 0.96875 0.96875 0.96875 0.96875 0.96875 0.96875 0.0 0.0 0.0 0.0 0.0 0.0 0.0 0.0 0.0 0.0 0.0 0.0 0.0 0.0 0.0 1.0 1.0 1.0 1.0 0.0 0.0 0.0 1.0 1.0 1.0 1.0 0.0 0.0 0.0 1.0 1.0 1.0 1.0 0.0 0.0 0.0 0.0 0.0 0.0 0.0 0.0 0.0 0.0 0.0 0.0 0.0 0.0 0.0 0.0 0.9838287234306335
0.953125 0.953125 0.953125 0.953125 0.953125 0.953125 0.953125 0.953125 0.953125 0.984375 0.953125 0.953125 0.953125 0.953125 0.984375 0.984375 0.984375 0.953125 0.953125 0.953125 0.953125 0.953125 0.953125 0.984375 0.953125 0.953125 0.953125 0.953125 0.953125 0.953125 0.953125 0.953125 0.953125 0.953125 0.953125 0.953125 0.953125 0.953125 0.953125 0.953125 0.953125 0.953125 0.953125 0.953125 0.953125 0.953125 0.953125 0.953125 0.953125 0.0 0.0 0.0 0.0 0.0 0.0 0.0 1.0 1.0 1.0 0.0 0.0 0.0 0.0 1.0 1.0 1.0 0.0 0.0 0.0 0.0 1.0 1.0 1.0 1.0 0.0 0.0 0.0 0.0 0.0 0.0 0.0 0.0 0.0 0.0 0.0 0.0 0.0 0.0 0.0 0.0 0.0 0.0 0.0 0.0 0.0 0.0 0.0 0.0 0.9723770618438721
0.953125 0.953125 0.953125 0.953125 0.953125 0.953125 0.953125 0.953125 0.953125 0.953125 0.953125 0.953125 0.953125 0.953125 0.953125 0.953125 0.953125 0.953125 0.953125 0.953125 0.953125 0.953125 0.953125 0.984375 0.953125 0.953125 0.953125 0.953125 0.984375 0.984375 0.984375 0.953125 0.953125 0.953125 0.953125 0.953125 0.953125 0.984375 1.0 0.953125 0.953125 0.953125 0.953125 0.953125 0.953125 0.953125 0.953125 0.953125 0.953125 0.0 0.0 0.0 0.0 0.0 0.0 0.0 0.0 0.0 0.0 0.0 0.0 0.0 0.0 0.0 0.0 0.0 0.0 0.0 0.0 0.0 1.0 1.0 1.0 1.0 0.0 0.0 0.0 1.0 1.0 1.0 0.0 0.0 0.0 0.0 1.0 1.0 1.0 1.0 0.0 0.0 0.0 0.0 0.0 0.0 0.0 0.0 0.0 0.0 0.979253888130188
0.953125 0.953125 0.953125 0.953125 0.953125 0.953125 0.953125 0.953125 0.953125 0.953125 0.953125 0.953125 0.953125 0.953125 0.953125 0.953125 0.953125 0.984375 1.0 0.953125 0.953125 0.953125 0.984375 0.984375 0.984375 0.953125 0.953125 0.953125 0.953125 0.953125 0.953125 0.984375 1.0 0.953125 0.953125 0.953125 0.953125 0.953125 0.953125 0.953125 0.953125 0.953125 0.953125 0.953125 0.953125 0.953125 0.953125 0.953125 0.953125 0.0 0.0 0.0 0.0 0.0 0.0 0.0 0.0 0.0 0.0 0.0 0.0 0.0 0.0 1.0 1.0 1.0 1.0 1.0 0.0 0.0 1.0 1.0 1.0 1.0 0.0 0.0 0.0 1.0 1.0 1.0 1.0 1.0 0.0 0.0 0.0 0.0 0.0 0.0 0.0 0.0 0.0 0.0 0.0 0.0 0.0 0.0 0.0 0.0 0.9838287234306335
0.953125 0.953125 0.953125 0.953125 0.953125 0.953125 0.953125 0.953125 0.953125 0.953125 0.953125 0.953125 0.953125 0.953125 0.953125 0.953125 0.984375 1.0 0.953125 0.953125 0.953125 0.984375 0.984375 1.0 0.953125 0.953125 0.953125 0.953125 0.953125 0.953125 0.984375 1.0 0.953125 0.953125 0.953125 0.953125 0.953125 0.953125 0.953125 0.953125 0.953125 0.953125 0.953125 0.953125 0.953125 0.953125 0.953125 0.953125 0.953125 0.0 0.0 0.0 0.0 0.0 0.0 0.0 0.0 0.0 0.0 0.0 0.0 0.0 0.0 1.0 1.0 1.0 1.0 0.0 0.0 0.0 1.0 1.0 1.0 1.0 0.0 0.0 0.0 1.0 1.0 1.0 1.0 0.0 0.0 0.0 0.0 0.0 0.0 0.0 0.0 0.0 0.0 0.0 0.0 0.0 0.0 0.0 0.0 0.0 0.9820622205734253
0.9375 0.9375 0.9375 0.9375 0.9375 0.9375 0.9375 0.9375 0.9375 0.9375 0.9375 0.9375 0.9375 0.9375 0.9375 0.9375 0.96875 0.984375 0.9375 0.9375 0.9375 0.96875 0.96875 0.984375 0.984375 0.9375 0.9375 0.9375 0.9375 0.9375 0.96875 0.984375 0.9375 0.9375 0.9375 0.9375 0.9375 0.9375 0.9375 0.9375 0.9375 0.9375 0.9375 0.9375 0.9375 0.9375 0.9375 0.9375 0.9375 0.0 0.0 0.0 0.0 0.0 0.0 0.0 0.0 0.0 0.0 0.0 0.0 0.0 0.0 1.0 1.0 1.0 1.0 0.0 0.0 0.0 1.0 1.0 1.0 1.0 0.0 0.0 0.0 1.0 1.0 1.0 1.0 0.0 0.0 0.0 0.0 0.0 0.0 0.0 0.0 0.0 0.0 0.0 0.0 0.0 0.0 0.0 0.0 0.0 0.9820622205734253
0.9375 0.9375 0.9375 0.9375 0.9375 0.9375 0.9375 0.9375 0.9375 0.9375 0.9375 0.9375 0.9375 0.96875 0.9375 0.9375 0.9375 0.9375 0.96875 0.96875 0.984375 0.9375 0.9375 0.9375 0.9375 0.9375 0.9375 0.96875 0.9375 0.9375 0.9375 0.9375 0.9375 0.9375 0.9375 0.9375 0.9375 0.9375 0.9375 0.9375 0.9375 0.9375 0.9375 0.9375 0.9375 0.9375 0.9375 0.9375 0.9375 0.0 0.0 0.0 0.0 0.0 0.0 0.0 0.0 0.0 0.0 1.0 1.0 1.0 1.0 0.0 0.0 0.0 1.0 1.0 1.0 1.0 0.0 0.0 0.0 -1.0 1.0 1.0 1.0 0.0 0.0 0.0 0.0 0.0 0.0 0.0 0.0 0.0 0.0 0.0 0.0 0.0 0.0 0.0 0.0 0.0 0.0 0.0 0.0 0.0 0.9633061289787292
0.9375 0.9375 0.9375 0.9375 0.9375 0.9375 0.9375 0.9375 0.96875 0.984375 0.9375 0.9375 0.9375 0.9375 0.96875 0.984375 1.0 0.9375 0.9375 0.9375 0.9375 0.9375 0.96875 0.984375 0.9375 0.9375 0.9375 0.9375 0.9375 0.9375 0.9375 0.9375 0.9375 0.9375 0.9375 0.9375 0.9375 0.9375 0.9375 0.9375 0.9375 0.9375 0.9375 0.9375 0.9375 0.9375 0.9375 0.9375 0.9375 0.0 0.0 0.0 0.0 0.0 0.0 0.0 1.0 1.0 1.0 0.0 0.0 0.0 0.0 1.0 1.0 1.0 0.0 0.0 0.0 0.0 1.0 1.0 1.0 1.0 0.0 0.0 0.0 0.0 0.0 0.0 0.0 0.0 0.0 0.0 0.0 0.0 0.0 0.0 0.0 0.0 0.0 0.0 0.0 0.0 0.0 0.0 0.0 0.0 0.972728967666626
0.9375 0.9375 0.9375 0.9375 0.9375 0.9375 0.9375 0.9375 0.9375 0.9375 0.9375 0.9375 0.9375 0.9375 0.9375 0.9375 0.9375 0.9375 0.9375 0.9375 0.9375 0.9375 0.96875 0.984375 0.9375 0.9375 0.9375 0.9375 0.96875 0.984375 1.0 0.9375 0.9375 0.9375 0.9375 0.9375 0.96875 0.984375 1.0 0.9375 0.9375 0.9375 0.9375 0.9375 0.9375 0.9375 0.9375 0.9375 0.9375 0.0 0.0 0.0 0.0 0.0 0.0 0.0 0.0 0.0 0.0 0.0 0.0 0.0 0.0 0.0 0.0 0.0 0.0 0.0 0.0 0.0 1.0 1.0 1.0 1.0 0.0 0.0 0.0 1.0 1.0 1.0 0.0 0.0 0.0 0.0 1.0 1.0 1.0 1.0 0.0 0.0 0.0 0.0 0.0 0.0 0.0 0.0 0.0 0.0 0.979320764541626
0.9375 0.9375 0.9375 0.9375 0.9375 0.9375 0.9375 0.9375 0.9375 0.9375 0.9375 0.9375 0.9375 0.9375 0.9375 0.9375 0.9375 0.9375 0.9375 0.9375 0.9375 0.9375 0.9375 0.9375 0.9375 0.9375 0.9375 0.96875 0.9375 0.9375 0.9375 0.9375 0.96875 0.96875 0.984375 0.9375 0.9375 0.9375 1.0 0.9375 0.9375 0.96875 0.9375 0.9375 0.9375 0.9375 0.9375 0.9375 0.9375 0.0 0.0 0.0 0.0 0.0 0.0 0.0 0.0 0.0 0.0 0.0 0.0 0.0 0.0 0.0 0.0 0.0 0.0 0.0 0.0 0.0 0.0 0.0 0.0 -1.0 1.0 1.0 1.0 0.0 0.0 0.0 1.0 1.0 1.0 1.0 0.0 0.0 0.0 -1.0 1.0 1.0 1.0 0.0 0.0 0.0 0.0 0.0 0.0 0.0 0.962478518486023
0.9375 0.9375 0.9375 0.9375 0.9375 0.9375 0.9375 0.9375 0.9375 0.9375 0.9375 0.9375 0.9375 0.9375 0.9375 0.9375 0.9375 1.0 0.9375 0.9375 0.96875 0.9375 0.9375 0.9375 0.9375 0.96875 0.96875 0.984375 0.9375 0.9375 0.9375 1.0 0.9375 0.9375 0.96875 0.9375 0.9375 0.9375 0.9375 0.9375 0.9375 0.9375 0.9375 0.9375 0.9375 0.9375 0.9375 0.9375 0.9375 0.0 0.0 0.0 0.0 0.0 0.0 0.0 0.0 0.0 0.0 0.0 0.0 0.0 0.0 0.0 0.0 0.0 -1.0 1.0 1.0 1.0 0.0 0.0 0.0 -1.0 1.0 1.0 1.0 0.0 0.0 0.0 -1.0 1.0 1.0 1.0 0.0 0.0 0.0 0.0 0.0 0.0 0.0 0.0 0.0 0.0 0.0 0.0 0.0 0.0 0.9633061289787292
0.9375 0.9375 0.9375 0.9375 0.9375 0.9375 0.9375 0.9375 0.9375 0.9375 0.9375 0.9375 0.9375 0.9375 0.9375 0.96875 0.984375 1.0 0.9375 0.9375 0.9375 0.96875 0.984375 1.0 0.9375 0.9375 0.9375 0.9375 0.9375 0.96875 0.984375 1.0 0.9375 0.9375 0.9375 0.9375 0.9375 0.9375 0.9375 0.9375 0.9375 0.9375 0.9375 0.9375 0.9375 0.9375 0.9375 0.9375 0.9375 0.0 0.0 0.0 0.0 0.0 0.0 0.0 0.0 0.0 0.0 0.0 0.0 0.0 0.0 1.0 1.0 1.0 1.0 0.0 0.0 0.0 1.0 1.0 1.0 1.0 0.0 0.0 0.0 1.0 1.0 1.0 1.0 0.0 0.0 0.0 0.0 0.0 0.0 0.0 0.0 0.0 0.0 0.0 0.0 0.0 0.0 0.0 0.0 0.0 0.9822356104850769
0.9375 0.9375 0.9375 0.9375 0.9375 0.9375 0.9375 0.9375 0.9375 0.9375 0.9375 0.9375 0.9375 0.9375 0.9375 1.0 0.9375 0.9375 0.96875 0.984375 1.0 0.9375 1.0 0.96875 0.96875 0.984375 1.0 1.0 0.9375 1.0 0.9375 0.9375 0.96875 0.984375 1.0 0.9375 0.9375 0.9375 0.9375 0.9375 0.9375 0.9375 0.9375 0.9375 0.9375 0.9375 0.9375 0.9375 0.9375 0.0 0.0 0.0 0.0 0.0 0.0 0.0 0.0 0.0 0.0 0.0 0.0 0.0 0.0 0.0 -1.0 1.0 1.0 1.0 1.0 1.0 0.0 -1.0 1.0 -1.0 1.0 1.0 1.0 0.0 -1.0 1.0 1.0 1.0 1.0 1.0 0.0 0.0 0.0 0.0 0.0 0.0 0.0 0.0 0.0 0.0 0.0 0.0 0.0 0.0 0.9464669227600098
0.921875 0.921875 0.921875 0.921875 0.921875 0.921875 0.921875 0.921875 0.921875 0.921875 0.921875 0.921875 0.921875 0.921875 0.921875 0.921875 0.984375 0.921875 0.921875 0.953125 0.96875 0.921875 0.921875 0.984375 0.953125 0.984375 0.96875 0.984375 0.921875 0.921875 0.984375 0.921875 0.921875 0.953125 0.96875 0.921875 0.921875 0.921875 0.921875 0.921875 0.921875 0.921875 0.921875 0.921875 0.921875 0.921875 0.921875 0.921875 0.921875 0.0 0.0 0.0 0.0 0.0 0.0 0.0 0.0 0.0 0.0 0.0 0.0 0.0 0.0 0.0 0.0 -1.0 1.0 1.0 1.0 1.0 0.0 0.0 -1.0 -1.0 -1.0 1.0 1.0 0.0 0.0 -1.0 1.0 1.0 1.0 1.0 0.0 0.0 0.0 0.0 0.0 0.0 0.0 0.0 0.0 0.0 0.0 0.0 0.0 0.0 0.9611276388168335
0.921875 0.921875 0.921875 0.921875 0.921875 0.921875 0.921875 0.921875 0.921875 0.921875 0.921875 0.921875 0.921875 0.921875 0.953125 0.96875 0.984375 0.921875 0.921875 0.921875 0.921875 0.96875 0.984375 0.984375 0.921875 0.921875 0.921875 0.921875 0.953125 0.96875 0.984375 0.921875 0.921875 0.921875 0.921875 0.921875 0.921875 0.921875 0.921875 0.921875 0.921875 0.921875 0.921875 0.921875 0.921875 0.921875 0.921875 0.921875 0.921875 0.0 0.0 0.0 0.0 0.0 0.0 0.0 0.0 0.0 0.0 0.0 0.0 0.0 0.0 1.0 1.0 1.0 0.0 0.0 0.0 0.0 1.0 1.0 1.0 1.0 0.0 0.0 0.0 1.0 1.0 1.0 0.0 0.0 0.0 0.0 0.0 0.0 0.0 0.0 0.0 0.0 0.0 0.0 0.0 0.0 0.0 0.0 0.0 0.0 0.9768507480621338
0.921875 0.921875 0.921875 0.921875 0.921875 0.921875 0.921875 0.921875 0.921875 0.921875 0.921875 0.921875 0.921875 0.921875 0.984375 0.921875 0.921875 0.953125 0.96875 0.984375 0.921875 0.984375 1.0 0.984375 0.96875 0.984375 0.984375 1.0 0.984375 0.921875 0.921875 0.953125 0.96875 0.984375 0.921875 0.921875 0.921875 0.921875 0.921875 0.921875 0.921875 0.921875 0.921875 0.921875 0.921875 0.921875 0.921875 0.921875 0.921875 0.0 0.0 0.0 0.0 0.0 0.0 0.0 0.0 0.0 0.0 0.0 0.0 0.0 0.0 -1.0 1.0 1.0 1.0 1.0 1.0 0.0 -1.0 -1.0 -1.0 -1.0 1.0 1.0 1.0 -1.0 1.0 1.0 1.0 1.0 1.0 0.0 0.0 0.0 0.0 0.0 0.0 0.0 0.0 0.0 0.0 0.0 0.0 0.0 0.0 0.0 0.9404454231262207
0.921875 0.921875 0.921875 0.921875 0.921875 0.921875 0.921875 0.921875 0.921875 0.984375 0.921875 0.921875 0.953125 0.96875 0.921875 0.921875 0.984375 1.0 0.984375 1.0 0.984375 0.921875 0.921875 0.984375 0.921875 0.921875 0.953125 0.96875 0.921875 0.921875 0.921875 0.921875 0.921875 0.921875 0.921875 0.921875 0.921875 0.921875 0.921875 0.921875 0.921875 0.921875 0.921875 0.921875 0.921875 0.921875 0.921875 0.921875 0.921875 0.0 0.0 0.0 0.0 0.0 0.0 0.0 0.0 0.0 -1.0 1.0 1.0 1.0 1.0 0.0 0.0 -1.0 -1.0 -1.0 -1.0 1.0 0.0 0.0 -1.0 -1.0 1.0 1.0 1.0 0.0 0.0 0.0 0.0 0.0 0.0 0.0 0.0 0.0 0.0 0.0 0.0 0.0 0.0 0.0 0.0 0.0 0.0 0.0 0.0 0.0 0.9633061289787292
0.921875 0.921875 0.921875 0.921875 0.921875 0.921875 0.921875 0.921875 0.921875 0.921875 0.921875 0.921875 0.921875 0.921875 0.921875 0.953125 0.96875 0.984375 0.921875 0.921875 0.921875 0.984375 1.0 0.984375 0.984375 1.0 0.921875 0.921875 0.921875 0.953125 0.96875 0.984375 0.921875 0.921875 0.921875 0.921875 0.921875 0.921875 0.921875 0.921875 0.921875 0.921875 0.921875 0.921875 0.921875 0.921875 0.921875 0.921875 0.921875 0.0 0.0 0.0 0.0 0.0 0.0 0.0 0.0 0.0 0.0 0.0 0.0 0.0 0.0 1.0 1.0 1.0 1.0 0.0 0.0 0.0 -1.0 -1.0 1.0 1.0 1.0 0.0 0.0 1.0 1.0 1.0 1.0 0.0 0.0 0.0 0.0 0.0 0.0 0.0 0.0 0.0 0.0 0.0 0.0 0.0 0.0 0.0 0.0 0.0 0.97202068567276
0.921875 0.921875 0.921875 0.921875 0.921875 0.921875 0.921875 0.921875 0.921875 0.921875 0.921875 0.921875 0.921875 0.921875 0.921875 0.921875 0.921875 0.921875 0.921875 0.921875 0.921875 0.921875 0.921875 0.984375 0.921875 0.921875 0.953125 0.96875 0.921875 0.921875 0.984375 1.0 0.984375 1.0 0.984375 0.921875 0.921875 0.984375 1.0 0.921875 0.953125 0.96875 0.921875 0.921875 0.921875 0.921875 0.921875 0.921875 0.921875 0.0 0.0 0.0 0.0 0.0 0.0 0.0 0.0 0.0 0.0 0.0 0.0 0.0 0.0 0.0 0.0 0.0 0.0 0.0 0.0 0.0 0.0 0.0 -1.0 -1.0 1.0 1.0 1.0 0.0 0.0 -1.0 -1.0 -1.0 -1.0 1.0 0.0 0.0 -1.0 -1.0 1.0 1.0 1.0 0.0 0.0 0.0 0.0 0.0 0.0 0.0 0.9633061289787292
0.921875 0.921875 0.921875 0.921875 0.921875 0.921875 0.921875 0.953125 0.96875 0.984375 0.921875 0.921875 0.921875 0.921875 1.0 0.984375 1.0 1.0 0.921875 0.921875 0.921875 0.953125 0.96875 0.984375 0.921875 0.921875 0.921875 0.921875 0.921875 0.921875 0.921875 0.921875 0.921875 0.921875 0.921875 0.921875 0.921875 0.921875 0.921875 0.921875 0.921875 0.921875 0.921875 0.921875 0.921875 0.921875 0.921875 0.921875 0.921875 0.0 0.0 0.0 0.0 0.0 0.0 0.0 1.0 1.0 1.0 0.0 0.0 0.0 0.0 -1.0 1.0 1.0 1.0 0.0 0.0 0.0 1.0 1.0 1.0 1.0 0.0 0.0 0.0 0.0 0.0 0.0 0.0 0.0 0.0 0.0 0.0 0.0 0.0 0.0 0.0 0.0 0.0 0.0 0.0 0.0 0.0 0.0 0.0 0.0 0.9778001308441162
0.921875 0.921875 0.921875 0.921875 0.921875 0.921875 0.921875 0.921875 0.921875 0.921875 0.921875 0.921875 0.921875 0.921875 0.921875 0.921875 0.921875 0.921875 0.921875 0.921875 0.921875 0.953125 0.96875 0.984375 0.921875 0.921875 0.921875 0.921875 1.0 0.984375 1.0 1.0 0.921875 0.921875 0.921875 0.953125 0.96875 0.984375 1.0 0.921875 0.921875 0.921875 0.921875 0.921875 0.921875 0.921875 0.921875 0.921875 0.921875 0.0 0.0 0.0 0.0 0.0 0.0 0.0 0.0 0.0 0.0 0.0 0.0 0.0 0.0 0.0 0.0 0.0 0.0 0.0 0.0 0.0 1.0 1.0 1.0 1.0 0.0 0.0 0.0 -1.0 1.0 1.0 1.0 0.0 0.0 0.0 1.0 1.0 1.0 1.0 0.0 0.0 0.0 0.0 0.0 0.0 0.0 0.0 0.0 0.0 0.9825208783149719
0.90625 0.90625 0.90625 0.90625 0.90625 0.90625 0.90625 0.90625 0.90625 0.90625 0.90625 0.90625 0.90625 0.90625 0.90625 0.90625 0.90625 0.90625 0.90625 0.90625 0.90625 0.953125 0.96875 0.984375 0.90625 0.90625 0.90625 0.90625 0.96875 0.984375 0.984375 0.90625 0.90625 0.90625 0.90625 0.953125 0.96875 0.984375 0.90625 0.90625 0.90625 0.90625 0.90625 0.90625 0.90625 0.90625 0.90625 0.90625 0.90625 0.0 0.0 0.0 0.0 0.0 0.0 0.0 0.0 0.0 0.0 0.0 0.0 0.0 0.0 0.0 0.0 0.0 0.0 0.0 0.0 0.0 1.0 1.0 1.0 1.0 0.0 0.0 0.0 1.0 1.0 1.0 0.0 0.0 0.0 0.0 1.0 1.0 1.0 0.0 0.0 0.0 0.0 0.0 0.0 0.0 0.0 0.0 0.0 0.0 0.9758617877960205
0.90625 0.90625 0.90625 0.90625 0.90625 0.90625 0.90625 0.90625 0.90625 0.90625 0.90625 0.90625 0.90625 0.90625 0.984375 0.90625 0.9375 0.953125 0.96875 0.984375 1.0 0.984375 0.96875 0.984375 0.96875 0.984375 0.984375 0.90625 0.984375 0.90625 0.9375 0.953125 0.96875 0.984375 0.90625 0.90625 0.90625 0.90625 0.90625 0.90625 0.90625 0.90625 0.90625 0.90625 0.90625 0.90625 0.90625 0.90625 0.90625 0.0 0.0 0.0 0.0 0.0 0.0 0.0 0.0 0.0 0.0 0.0 0.0 0.0 0.0 -1.0 1.0 1.0 1.0 1.0 1.0 1.0 -1.0 -1.0 -1.0 -1.0 1.0 1.0 0.0 -1.0 1.0 1.0 1.0 1.0 1.0 0.0 0.0 0.0 0.0 0.0 0.0 0.0 0.0 0.0 0.0 0.0 0.0 0.0 0.0 0.0 0.944595217704773
0.90625 0.90625 0.90625 0.90625 0.90625 0.90625 0.90625 0.90625 0.96875 0.984375 0.90625 0.9375 0.953125 0.96875 0.90625 0.96875 0.984375 0.96875 0.984375 1.0 0.984375 0.90625 0.96875 0.984375 0.90625 0.9375 0.953125 0.96875 0.90625 0.90625 0.90625 0.90625 0.90625 0.90625 0.90625 0.90625 0.90625 0.90625 0.90625 0.90625 0.90625 0.90625 0.90625 0.90625 0.90625 0.90625 0.90625 0.90625 0.90625 0.0 0.0 0.0 0.0 0.0 0.0 0.0 0.0 -1.0 -1.0 1.0 1.0 1.0 1.0 0.0 -1.0 -1.0 -1.0 -1.0 -1.0 1.0 0.0 -1.0 -1.0 -1.0 1.0 1.0 1.0 0.0 0.0 0.0 0.0 0.0 0.0 0.0 0.0 0.0 0.0 0.0 0.0 0.0 0.0 0.0 0.0 0.0 0.0 0.0 0.0 0.0 0.9633061289787292
0.90625 0.90625 0.90625 0.90625 0.90625 0.90625 0.90625 0.90625 0.90625 0.90625 0.90625 0.90625 0.90625 0.90625 0.953125 0.96875 0.984375 1.0 0.90625 0.90625 0.90625 1.0 0.984375 0.984375 0.90625 0.90625 0.90625 0.90625 0.953125 0.96875 0.984375 0.90625 0.90625 0.90625 0.90625 0.90625 0.90625 0.90625 0.90625 0.90625 0.90625 0.90625 0.90625 0.90625 0.90625 0.90625 0.90625 0.90625 0.90625 0.0 0.0 0.0 0.0 0.0 0.0 0.0 0.0 0.0 0.0 0.0 0.0 0.0 0.0 1.0 1.0 1.0 1.0 0.0 0.0 0.0 -1.0 1.0 1.0 1.0 0.0 0.0 0.0 1.0 1.0 1.0 0.0 0.0 0.0 0.0 0.0 0.0 0.0 0.0 0.0 0.0 0.0 0.0 0.0 0.0 0.0 0.0 0.0 0.0 0.9721101522445679
0.90625 0.90625 0.90625 0.90625 0.90625 0.90625 0.90625 0.90625 0.90625 0.90625 0.90625 0.90625 0.90625 0.90625 0.90625 0.96875 0.984375 0.90625 0.9375 0.953125 0.96875 0.90625 0.96875 0.984375 0.96875 0.984375 1.0 0.984375 0.90625 0.96875 0.984375 1.0 0.9375 0.953125 0.96875 0.90625 0.90625 0.90625 0.90625 0.90625 0.90625 0.90625 0.90625 0.90625 0.90625 0.90625 0.90625 0.90625 0.90625 0.0 0.0 0.0 0.0 0.0 0.0 0.0 0.0 0.0 0.0 0.0 0.0 0.0 0.0 0.0 -1.0 -1.0 1.0 1.0 1.0 1.0 0.0 -1.0 -1.0 -1.0 -1.0 -1.0 1.0 0.0 -1.0 -1.0 -1.0 1.0 1.0 1.0 0.0 0.0 0.0 0.0 0.0 0.0 0.0 0.0 0.0 0.0 0.0 0.0 0.0 0.0 0.9299947619438171
0.90625 0.90625 0.90625 0.90625 0.90625 0.90625 0.90625 0.90625 0.90625 0.90625 0.90625 0.90625 0.90625 0.90625 0.9375 0.953125 0.96875 0.984375 1.0 0.90625 0.90625 0.984375 1.0 0.984375 0.984375 1.0 0.90625 0.90625 0.9375 0.953125 0.96875 0.984375 0.90625 0.90625 0.90625 0.90625 0.90625 0.90625 0.90625 0.90625 0.90625 0.90625 0.90625 0.90625 0.90625 0.90625 0.90625 0.90625 0.90625 0.0 0.0 0.0 0.0 0.0 0.0 0.0 0.0 0.0 0.0 0.0 0.0 0.0 0.0 1.0 1.0 1.0 1.0 1.0 0.0 0.0 -1.0 -1.0 1.0 1.0 1.0 0.0 0.0 1.0 1.0 1.0 1.0 0.0 0.0 0.0 0.0 0.0 0.0 0.0 0.0 0.0 0.0 0.0 0.0 0.0 0.0 0.0 0.0 0.0 0.974341869354248
0.90625 0.90625 0.90625 0.90625 0.90625 0.90625 0.90625 0.953125 0.96875 0.984375 1.0 0.90625 0.90625 0.90625 1.0 0.984375 1.0 1.0 0.90625 0.90625 0.90625 0.953125 0.96875 0.984375 0.90625 0.90625 0.90625 0.90625 0.90625 0.90625 0.90625 0.90625 0.90625 0.90625 0.90625 0.90625 0.90625 0.90625 0.90625 0.90625 0.90625 0.90625 0.90625 0.90625 0.90625 0.90625 0.90625 0.90625 0.90625 0.0 0.0 0.0 0.0 0.0 0.0 0.0 1.0 1.0 1.0 1.0 0.0 0.0 0.0 -1.0 1.0 1.0 1.0 0.0 0.0 0.0 1.0 1.0 1.0 1.0 0.0 0.0 0.0 0.0 0.0 0.0 0.0 0.0 0.0 0.0 0.0 0.0 0.0 0.0 0.0 0.0 0.0 0.0 0.0 0.0 0.0 0.0 0.0 0.0 0.9797173738479614
0.90625 0.90625 0.90625 0.90625 0.90625 0.90625 0.90625 0.90625 0.90625 0.90625 0.90625 0.90625 0.90625 0.90625 0.90625 0.90625 0.90625 0.90625 0.90625 0.90625 0.90625 0.90625 0.96875 0.984375 0.90625 0.9375 0.953125 0.96875 0.90625 0.96875 0.984375 1.0 0.984375 1.0 0.984375 0.90625 0.96875 0.984375 1.0 0.9375 0.953125 0.96875 0.90625 0.90625 0.90625 0.90625 0.90625 0.90625 0.90625 0.0 0.0 0.0 0.0 0.0 0.0 0.0 0.0 0.0 0.0 0.0 0.0 0.0 0.0 0.0 0.0 0.0 0.0 0.0 0.0 0.0 0.0 -1.0 -1.0 -1.0 1.0 1.0 1.0 0.0 -1.0 -1.0 -1.0 -1.0 -1.0 1.0 0.0 -1.0 -1.0 -1.0 1.0 1.0 1.0 0.0 0.0 0.0 0.0 0.0 0.0 0.0 0.9633061289787292
0.890625 0.890625 0.890625 0.890625 0.890625 0.890625 0.890625 0.890625 0.890625 0.890625 0.890625 0.890625 0.890625 0.890625 0.9375 0.953125 0.96875 0.984375 0.890625 0.890625 0.890625 0.984375 0.96875 0.984375 0.984375 0.890625 0.890625 0.890625 0.9375 0.953125 0.96875 0.984375 0.890625 0.890625 0.890625 0.890625 0.890625 0.890625 0.890625 0.890625 0.890625 0.890625 0.890625 0.890625 0.890625 0.890625 0.890625 0.890625 0.890625 0.0 0.0 0.0 0.0 0.0 0.0 0.0 0.0 0.0 0.0 0.0 0.0 0.0 0.0 1.0 1.0 1.0 1.0 0.0 0.0 0.0 -1.0 1.0 1.0 1.0 0.0 0.0 0.0 1.0 1.0 1.0 1.0 0.0 0.0 0.0 0.0 0.0 0.0 0.0 0.0 0.0 0.0 0.0 0.0 0.0 0.0 0.0 0.0 0.0 0.976776123046875
0.890625 0.890625 0.890625 0.890625 0.890625 0.890625 0.890625 0.890625 0.890625 0.890625 0.890625 0.890625 0.890625 0.890625 0.890625 0.890625 0.890625 0.890625 0.890625 0.890625 0.890625 0.953125 0.96875 0.984375 0.921875 0.9375 0.953125 0.96875 0.953125 0.96875 0.984375 0.96875 0.984375 0.96875 0.984375 0.953125 0.96875 0.984375 0.921875 0.9375 0.953125 0.96875 0.890625 0.890625 0.890625 0.890625 0.890625 0.890625 0.890625 0.0 0.0 0.0 0.0 0.0 0.0 0.0 0.0 0.0 0.0 0.0 0.0 0.0 0.0 0.0 0.0 0.0 0.0 0.0 0.0 0.0 -1.0 -1.0 -1.0 -1.0 1.0 1.0 1.0 -1.0 -1.0 -1.0 -1.0 -1.0 1.0 1.0 -1.0 -1.0 -1.0 1.0 1.0 1.0 1.0 0.0 0.0 0.0 0.0 0.0 0.0 0.0 0.9633061289787292
0.890625 0.890625 0.890625 0.890625 0.890625 0.890625 0.890625 0.953125 0.96875 0.984375 0.890625 0.890625 0.890625 0.890625 0.96875 0.984375 1.0 0.890625 0.890625 0.890625 0.890625 0.953125 0.96875 0.984375 0.890625 0.890625 0.890625 0.890625 0.890625 0.890625 0.890625 0.890625 0.890625 0.890625 0.890625 0.890625 0.890625 0.890625 0.890625 0.890625 0.890625 0.890625 0.890625 0.890625 0.890625 0.890625 0.890625 0.890625 0.890625 0.0 0.0 0.0 0.0 0.0 0.0 0.0 1.0 1.0 1.0 0.0 0.0 0.0 0.0 1.0 1.0 1.0 0.0 0.0 0.0 0.0 1.0 1.0 1.0 1.0 0.0 0.0 0.0 0.0 0.0 0.0 0.0 0.0 0.0 0.0 0.0 0.0 0.0 0.0 0.0 0.0 0.0 0.0 0.0 0.0 0.0 0.0 0.0 0.0 0.9738427996635437
0.890625 0.890625 0.890625 0.890625 0.890625 0.890625 0.890625 0.890625 0.890625 0.890625 0.890625 0.890625 0.890625 0.890625 0.984375 1.0 0.9375 0.953125 0.96875 0.984375 0.890625 0.984375 0.96875 0.984375 0.96875 0.984375 1.0 0.890625 0.984375 0.921875 0.9375 0.953125 0.96875 0.984375 1.0 0.890625 0.890625 0.890625 0.890625 0.890625 0.890625 0.890625 0.890625 0.890625 0.890625 0.890625 0.890625 0.890625 0.890625 0.0 0.0 0.0 0.0 0.0 0.0 0.0 0.0 0.0 0.0 0.0 0.0 0.0 0.0 -1.0 -1.0 1.0 1.0 1.0 1.0 0.0 -1.0 -1.0 -1.0 -1.0 1.0 1.0 0.0 -1.0 1.0 1.0 1.0 1.0 1.0 1.0 0.0 0.0 0.0 0.0 0.0 0.0 0.0 0.0 0.0 0.0 0.0 0.0 0.0 0.0 0.9349504709243774
0.890625 0.890625 0.890625 0.890625 0.890625 0.890625 0.890625 0.890625 0.890625 0.890625 0.890625 0.890625 0.890625 0.890625 0.890625 0.890625 0.890625 0.890625 0.890625 0.890625 0.890625 0.890625 0.890625 0.890625 0.890625 0.890625 0.890625 0.890625 0.9375 0.953125 0.96875 0.984375 0.890625 0.890625 0.890625 0.984375 1.0 0.984375 1.0 0.890625 0.890625 0.890625 0.9375 0.953125 0.96875 0.984375 1.0 0.890625 0.890625 0.0 0.0 0.0 0.0 0.0 0.0 0.0 0.0 0.0 0.0 0.0 0.0 0.0 0.0 0.0 0.0 0.0 0.0 0.0 0.0 0.0 0.0 0.0 0.0 1.0 0.0 0.0 0.0 1.0 1.0 1.0 1.0 0.0 0.0 0.0 -1.0 -1.0 1.0 1.0 0.0 0.0 0.0 1.0 1.0 1.0 1.0 1.0 0.0 0.0 0.9812310934066772
0.890625 0.890625 0.890625 0.890625 0.890625 0.890625 0.890625 0.953125 0.96875 0.984375 1.0 0.9375 0.953125 0.96875 0.953125 0.96875 0.984375 0.96875 0.984375 1.0 0.984375 0.953125 0.96875 0.984375 0.921875 0.9375 0.953125 0.96875 0.890625 0.890625 0.890625 0.890625 0.890625 0.890625 0.890625 0.890625 0.890625 0.890625 0.890625 0.890625 0.890625 0.890625 0.890625 0.890625 0.890625 0.890625 0.890625 0.890625 0.890625 0.0 0.0 0.0 0.0 0.0 0.0 0.0 -1.0 -1.0 -1.0 -1.0 1.0 1.0 1.0 -1.0 -1.0 -1.0 -1.0 -1.0 -1.0 1.0 -1.0 -1.0 -1.0 -1.0 1.0 1.0 1.0 0.0 0.0 0.0 0.0 0.0 0.0 0.0 0.0 0.0 0.0 0.0 0.0 0.0 0.0 0.0 0.0 0.0 0.0 0.0 0.0 0.0 0.9633061289787292
0.890625 0.890625 0.890625 0.890625 0.890625 0.890625 0.890625 0.890625 0.890625 0.890625 0.890625 0.890625 0.890625 0.890625 0.953125 0.96875 0.984375 1.0 0.9375 0.953125 0.96875 0.953125 0.96875 0.984375 0.96875 0.984375 1.0 0.984375 0.953125 0.96875 0.984375 1.0 0.9375 0.953125 0.96875 0.890625 0.890625 0.890625 0.890625 0.890625 0.890625 0.890625 0.890625 0.890625 0.890625 0.890625 0.890625 0.890625 0.890625 0.0 0.0 0.0 0.0 0.0 0.0 0.0 0.0 0.0 0.0 0.0 0.0 0.0 0.0 -1.0 -1.0 -1.0 -1.0 1.0 1.0 1.0 -1.0 -1.0 -1.0 -1.0 -1.0 -1.0 1.0 -1.0 -1.0 -1.0 -1.0 1.0 1.0 1.0 0.0 0.0 0.0 0.0 0.0 0.0 0.0 0.0 0.0 0.0 0.0 0.0 0.0 0.0 0.9512286186218262
0.890625 0.890625 0.890625 0.890625 0.890625 0.890625 0.890625 0.890625 0.890625 1.0 0.890625 0.890625 0.890625 0.890625 0.953125 0.96875 0.984375 0.890625 0.890625 0.890625 0.890625 1.0 0.984375 1.0 0.890625 0.890625 0.890625 0.890625 0.953125 0.96875 0.984375 1.0 0.890625 0.890625 0.890625 0.890625 0.890625 0.890625 0.890625 0.890625 0.890625 0.890625 0.890625 0.890625 0.890625 0.890625 0.890625 0.890625 0.890625 0.0 0.0 0.0 0.0 0.0 0.0 0.0 0.0 0.0 1.0 0.0 0.0 0.0 0.0 1.0 1.0 1.0 0.0 0.0 0.0 0.0 -1.0 1.0 1.0 1.0 0.0 0.0 0.0 1.0 1.0 1.0 1.0 0.0 0.0 0.0 0.0 0.0 0.0 0.0 0.0 0.0 0.0 0.0 0.0 0.0 0.0 0.0 0.0 0.0 0.9777284860610962
0.890625 0.890625 0.890625 0.890625 0.890625 0.890625 0.890625 0.890625 0.890625 0.890625 0.890625 0.890625 0.890625 0.890625 0.890625 0.890625 1.0 0.890625 0.890625 0.890625 0.890625 0.953125 0.96875 0.984375 0.890625 0.890625 0.890625 0.890625 1.0 0.984375 1.0 1.0 0.890625 0.890625 0.890625 0.953125 0.96875 0.984375 1.0 0.890625 0.890625 0.890625 0.890625 0.890625 0.890625 0.890625 0.890625 0.890625 0.890625 0.0 0.0 0.0 0.0 0.0 0.0 0.0 0.0 0.0 0.0 0.0 0.0 0.0 0.0 0.0 0.0 1.0 0.0 0.0 0.0 0.0 1.0 1.0 1.0 1.0 0.0 0.0 0.0 -1.0 1.0 1.0 1.0 0.0 0.0 0.0 1.0 1.0 1.0 1.0 0.0 0.0 0.0 0.0 0.0 0.0 0.0 0.0 0.0 0.0 0.9837762117385864
0.875 0.875 0.875 0.875 0.875 0.875 0.875 0.875 0.984375 0.875 0.875 0.875 0.875 0.875 0.953125 0.96875 0.984375 0.875 0.875 0.875 0.875 0.96875 0.984375 0.984375 0.875 0.875 0.875 0.875 0.953125 0.96875 0.984375 0.875 0.875 0.875 0.875 0.875 0.875 0.875 0.875 0.875 0.875 0.875 0.875 0.875 0.875 0.875 0.875 0.875 0.875 0.0 0.0 0.0 0.0 0.0 0.0 0.0 0.0 1.0 0.0 0.0 0.0 0.0 0.0 1.0 1.0 1.0 0.0 0.0 0.0 0.0 1.0 1.0 1.0 1.0 0.0 0.0 0.0 1.0 1.0 1.0 0.0 0.0 0.0 0.0 0.0 0.0 0.0 0.0 0.0 0.0 0.0 0.0 0.0 0.0 0.0 0.0 0.0 0.0 0.9765506982803345
0.875 0.875 0.875 0.875 0.875 0.875 0.875 0.875 0.875 0.875 0.875 0.984375 0.875 0.875 0.984375 0.921875 0.9375 0.953125 0.96875 0.984375 0.875 0.984375 0.96875 0.984375 0.96875 0.984375 0.984375 1.0 0.984375 0.921875 0.9375 0.953125 0.96875 0.984375 0.875 0.875 0.875 0.875 0.875 0.875 0.875 0.875 0.875 0.875 0.875 0.875 0.875 0.875 0.875 0.0 0.0 0.0 0.0 0.0 0.0 0.0 0.0 0.0 0.0 0.0 1.0 0.0 0.0 -1.0 1.0 1.0 1.0 1.0 1.0 0.0 -1.0 -1.0 -1.0 -1.0 1.0 1.0 1.0 -1.0 1.0 1.0 1.0 1.0 1.0 0.0 0.0 0.0 0.0 0.0 0.0 0.0 0.0 0.0 0.0 0.0 0.0 0.0 0.0 0.0 0.9337222576141357
0.875 0.875 0.875 0.875 0.875 0.875 0.875 0.875 0.875 0.875 0.875 0.875 0.875 0.984375 0.953125 0.96875 0.984375 0.921875 0.9375 0.953125 0.96875 0.953125 0.96875 0.984375 0.96875 0.984375 1.0 0.984375 0.953125 0.96875 0.984375 0.921875 0.9375 0.953125 0.96875 0.875 0.875 0.875 0.875 0.875 0.875 0.875 0.875 0.875 0.875 0.875 0.875 0.875 0.875 0.0 0.0 0.0 0.0 0.0 0.0 0.0 0.0 0.0 0.0 0.0 0.0 0.0 1.0 -1.0 -1.0 -1.0 1.0 1.0 1.0 1.0 -1.0 -1.0 -1.0 -1.0 -1.0 -1.0 1.0 -1.0 -1.0 -1.0 1.0 1.0 1.0 1.0 0.0 0.0 0.0 0.0 0.0 0.0 0.0 0.0 0.0 0.0 0.0 0.0 0.0 0.0 0.9537646770477295
0.875 0.984375 0.875 0.875 0.875 0.875 0.875 0.953125 0.96875 0.984375 0.875 0.875 0.875 0.875 1.0 0.984375 0.984375 1.0 0.875 0.875 0.875 0.953125 0.96875 0.984375 0.875 0.875 0.875 0.875 0.875 0.875 0.875 0.875 0.875 0.875 0.875 0.875 0.875 0.875 0.875 0.875 0.875 0.875 0.875 0.875 0.875 0.875 0.875 0.875 0.875 0.0 1.0 0.0 0.0 0.0 0.0 0.0 1.0 1.0 1.0 0.0 0.0 0.0 0.0 -1.0 1.0 1.0 1.0 0.0 0.0 0.0 1.0 1.0 1.0 1.0 0.0 0.0 0.0 0.0 0.0 0.0 0.0 0.0 0.0 0.0 0.0 0.0 0.0 0.0 0.0 0.0 0.0 0.0 0.0 0.0 0.0 0.0 0.0 0.0 0.9774395227432251
0.875 0.875 0.875 0.875 0.875 0.875 0.875 0.875 0.875 0.875 0.875 0.875 0.875 0.875 0.875 0.984375 0.875 0.875 0.875 0.875 0.875 0.953125 0.96875 0.984375 0.875 0.875 0.875 0.875 1.0 0.984375 0.984375 1.0 0.875 0.875 0.875 0.953125 0.96875 0.984375 1.0 0.875 0.875 0.875 0.875 0.875 0.875 0.875 0.875 0.875 0.875 0.0 0.0 0.0 0.0 0.0 0.0 0.0 0.0 0.0 0.0 0.0 0.0 0.0 0.0 0.0 1.0 0.0 0.0 0.0 0.0 0.0 1.0 1.0 1.0 1.0 0.0 0.0 0.0 -1.0 1.0 1.0 1.0 0.0 0.0 0.0 1.0 1.0 1.0 1.0 0.0 0.0 0.0 0.0 0.0 0.0 0.0 0.0 0.0 0.0 0.9838287234306335
0.875 0.875 0.875 0.875 0.875 0.875 0.875 0.875 0.875 0.875 0.875 0.875 0.875 0.875 0.875 0.875 0.875 0.875 0.875 0.875 0.875 0.875 0.875 0.984375 0.875 0.875 0.875 0.875 0.9375 0.953125 0.96875 0.984375 1.0 0.875 0.875 0.984375 1.0 0.984375 0.984375 1.0 0.875 0.875 0.9375 0.953125 0.96875 0.984375 1.0 0.875 0.875 0.0 0.0 0.0 0.0 0.0 0.0 0.0 0.0 0.0 0.0 0.0 0.0 0.0 0.0 0.0 0.0 0.0 0.0 0.0 0.0 0.0 0.0 0.0 1.0 1.0 0.0 0.0 0.0 1.0 1.0 1.0 1.0 1.0 0.0 0.0 -1.0 -1.0 1.0 1.0 1.0 0.0 0.0 1.0 1.0 1.0 1.0 1.0 0.0 0.0 0.9838287234306335
0.875 0.875 0.875 0.875 0.875 0.875 0.875 0.875 0.875 0.875 0.875 0.875 0.875 0.875 0.875 0.875 0.875 0.875 0.875 0.875 0.984375 0.953125 0.96875 0.984375 0.921875 0.9375 0.953125 0.96875 0.953125 0.96875 0.984375 1.0 0.984375 1.0 0.984375 0.953125 0.96875 0.984375 0.921875 0.9375 0.953125 0.96875 0.875 0.875 0.875 0.875 0.875 0.875 0.875 0.0 0.0 0.0 0.0 0.0 0.0 0.0 0.0 0.0 0.0 0.0 0.0 0.0 0.0 0.0 0.0 0.0 0.0 0.0 0.0 1.0 -1.0 -1.0 -1.0 -1.0 1.0 1.0 1.0 -1.0 -1.0 -1.0 -1.0 -1.0 -1.0 1.0 -1.0 -1.0 -1.0 1.0 1.0 1.0 1.0 0.0 0.0 0.0 0.0 0.0 0.0 0.0 0.9633061289787292
0.875 0.875 0.875 0.875 0.875 0.875 0.984375 0.953125 0.96875 0.984375 1.0 0.9375 0.953125 0.96875 0.953125 0.96875 0.984375 1.0 0.984375 1.0 0.984375 0.953125 0.96875 0.984375 0.921875 0.9375 0.953125 0.96875 0.875 0.875 0.875 0.875 0.875 0.875 0.875 0.875 0.875 0.875 0.875 0.875 0.875 0.875 0.875 0.875 0.875 0.875 0.875 0.875 0.875 0.0 0.0 0.0 0.0 0.0 0.0 1.0 -1.0 -1.0 -1.0 -1.0 1.0 1.0 1.0 -1.0 -1.0 -1.0 -1.0 -1.0 -1.0 1.0 -1.0 -1.0 -1.0 -1.0 1.0 1.0 1.0 0.0 0.0 0.0 0.0 0.0 0.0 0.0 0.0 0.0 0.0 0.0 0.0 0.0 0.0 0.0 0.0 0.0 0.0 0.0 0.0 0.0 0.9633061289787292
0.859375 0.859375 0.859375 0.859375 0.859375 0.859375 0.859375 0.96875 0.984375 0.859375 0.859375 0.859375 0.859375 0.859375 0.953125 0.96875 0.984375 0.859375 0.859375 0.859375 0.859375 0.96875 0.96875 0.984375 0.859375 0.859375 0.859375 0.859375 0.953125 0.96875 0.984375 0.859375 0.859375 0.859375 0.859375 0.859375 0.859375 0.859375 0.859375 0.859375 0.859375 0.859375 0.859375 0.859375 0.859375 0.859375 0.859375 0.859375 0.859375 0.0 0.0 0.0 0.0 0.0 0.0 0.0 1.0 1.0 0.0 0.0 0.0 0.0 0.0 1.0 1.0 1.0 0.0 0.0 0.0 0.0 1.0 1.0 1.0 1.0 0.0 0.0 0.0 1.0 1.0 1.0 0.0 0.0 0.0 0.0 0.0 0.0 0.0 0.0 0.0 0.0 0.0 0.0 0.0 0.0 0.0 0.0 0.0 0.0 0.9771469831466675
0.96875 0.984375 0.859375 0.859375 0.859375 0.859375 0.859375 0.953125 0.96875 0.984375 0.859375 0.859375 0.859375 0.859375 0.96875 0.96875 0.984375 1.0 0.859375 0.859375 0.859375 0.953125 0.96875 0.984375 0.859375 0.859375 0.859375 0.859375 0.859375 0.859375 0.859375 0.859375 0.859375 0.859375 0.859375 0.859375 0.859375 0.859375 0.859375 0.859375 0.859375 0.859375 0.859375 0.859375 0.859375 0.859375 0.859375 0.859375 0.859375 1.0 1.0 0.0 0.0 0.0 0.0 0.0 1.0 1.0 1.0 0.0 0.0 0.0 0.0 1.0 1.0 1.0 1.0 0.0 0.0 0.0 1.0 1.0 1.0 1.0 0.0 0.0 0.0 0.0 0.0 0.0 0.0 0.0 0.0 0.0 0.0 0.0 0.0 0.0 0.0 0.0 0.0 0.0 0.0 0.0 0.0 0.0 0.0 0.0 0.9748316407203674
0.859375 0.859375 0.859375 0.859375 0.859375 0.859375 0.859375 0.859375 0.859375 0.859375 0.859375 0.859375 0.859375 0.859375 0.859375 0.859375 0.859375 0.859375 0.859375 0.96875 0.984375 0.953125 0.96875 0.984375 0.921875 0.9375 0.953125 0.96875 0.953125 0.96875 0.984375 0.96875 0.984375 0.96875 0.96875 0.953125 0.96875 0.984375 0.921875 0.9375 0.953125 0.96875 0.859375 0.859375 0.859375 0.859375 0.859375 0.859375 0.859375 0.0 0.0 0.0 0.0 0.0 0.0 0.0 0.0 0.0 0.0 0.0 0.0 0.0 0.0 0.0 0.0 0.0 0.0 0.0 1.0 1.0 -1.0 -1.0 -1.0 -1.0 1.0 1.0 1.0 -1.0 -1.0 -1.0 -1.0 -1.0 1.0 1.0 -1.0 -1.0 -1.0 1.0 1.0 1.0 1.0 0.0 0.0 0.0 0.0 0.0 0.0 0.0 0.9633061289787292
0.859375 0.859375 0.859375 0.859375 0.859375 0.859375 0.859375 0.859375 0.859375 0.859375 0.96875 0.984375 0.859375 0.859375 0.984375 1.0 0.9375 0.953125 0.96875 0.984375 0.859375 0.984375 0.96875 0.984375 0.96875 0.96875 0.984375 1.0 0.984375 0.921875 0.9375 0.953125 0.96875 0.984375 1.0 0.859375 0.859375 0.859375 0.859375 0.859375 0.859375 0.859375 0.859375 0.859375 0.859375 0.859375 0.859375 0.859375 0.859375 0.0 0.0 0.0 0.0 0.0 0.0 0.0 0.0 0.0 0.0 1.0 1.0 0.0 0.0 -1.0 -1.0 1.0 1.0 1.0 1.0 0.0 -1.0 -1.0 -1.0 -1.0 1.0 1.0 1.0 -1.0 1.0 1.0 1.0 1.0 1.0 1.0 0.0 0.0 0.0 0.0 0.0 0.0 0.0 0.0 0.0 0.0 0.0 0.0 0.0 0.0 0.9400510787963867
0.859375 0.859375 0.859375 0.859375 0.859375 0.859375 0.859375 0.859375 0.859375 0.859375 0.859375 0.859375 0.859375 0.859375 0.859375 0.859375 0.859375 0.859375 0.859375 0.859375 0.859375 0.859375 0.96875 0.984375 0.859375 0.859375 0.859375 0.859375 0.9375 0.953125 0.96875 0.984375 0.859375 0.859375 0.859375 0.984375 1.0 0.96875 0.984375 1.0 0.859375 0.859375 0.9375 0.953125 0.96875 0.984375 1.0 0.859375 0.859375 0.0 0.0 0.0 0.0 0.0 0.0 0.0 0.0 0.0 0.0 0.0 0.0 0.0 0.0 0.0 0.0 0.0 0.0 0.0 0.0 0.0 0.0 1.0 1.0 1.0 0.0 0.0 0.0 1.0 1.0 1.0 1.0 0.0 0.0 0.0 -1.0 -1.0 1.0 1.0 1.0 0.0 0.0 1.0 1.0 1.0 1.0 1.0 0.0 0.0 0.9838287234306335
0.859375 0.859375 0.859375 0.859375 0.859375 0.96875 0.984375 0.953125 0.96875 0.984375 1.0 0.9375 0.953125 0.96875 0.953125 0.96875 0.984375 0.96875 0.984375 1.0 0.96875 0.953125 0.96875 0.984375 0.921875 0.9375 0.953125 0.96875 0.859375 0.859375 0.859375 0.859375 0.859375 0.859375 0.859375 0.859375 0.859375 0.859375 0.859375 0.859375 0.859375 0.859375 0.859375 0.859375 0.859375 0.859375 0.859375 0.859375 0.859375 0.0 0.0 0.0 0.0 0.0 1.0 1.0 -1.0 -1.0 -1.0 -1.0 1.0 1.0 1.0 -1.0 -1.0 -1.0 -1.0 -1.0 -1.0 1.0 -1.0 -1.0 -1.0 -1.0 1.0 1.0 1.0 0.0 0.0 0.0 0.0 0.0 0.0 0.0 0.0 0.0 0.0 0.0 0.0 0.0 0.0 0.0 0.0 0.0 0.0 0.0 0.0 0.0 0.9633061289787292
0.859375 0.859375 0.859375 0.859375 0.859375 0.859375 0.859375 0.859375 0.859375 0.859375 0.859375 0.859375 0.859375 0.859375 0.96875 0.984375 1.0 0.859375 0.859375 0.859375 0.859375 0.953125 0.96875 0.984375 0.859375 0.859375 0.859375 0.859375 1.0 0.96875 0.984375 1.0 0.859375 0.859375 0.859375 0.953125 0.96875 0.984375 1.0 0.859375 0.859375 0.859375 0.859375 0.859375 0.859375 0.859375 0.859375 0.859375 0.859375 0.0 0.0 0.0 0.0 0.0 0.0 0.0 0.0 0.0 0.0 0.0 0.0 0.0 0.0 1.0 1.0 1.0 0.0 0.0 0.0 0.0 1.0 1.0 1.0 1.0 0.0 0.0 0.0 -1.0 1.0 1.0 1.0 0.0 0.0 0.0 1.0 1.0 1.0 1.0 0.0 0.0 0.0 0.0 0.0 0.0 0.0 0.0 0.0 0.0 0.9838287234306335
0.859375 0.859375 0.859375 0.859375 0.859375 0.859375 0.859375 0.859375 0.859375 0.859375 0.859375 0.859375 0.96875 0.984375 0.953125 0.96875 0.984375 1.0 0.9375 0.953125 0.96875 0.953125 0.96875 0.984375 0.96875 0.984375 1.0 0.96875 0.953125 0.96875 0.984375 1.0 0.9375 0.953125 0.96875 0.859375 0.859375 0.859375 0.859375 0.859375 0.859375 0.859375 0.859375 0.859375 0.859375 0.859375 0.859375 0.859375 0.859375 0.0 0.0 0.0 0.0 0.0 0.0 0.0 0.0 0.0 0.0 0.0 0.0 1.0 1.0 -1.0 -1.0 -1.0 -1.0 1.0 1.0 1.0 -1.0 -1.0 -1.0 -1.0 -1.0 -1.0 1.0 -1.0 -1.0 -1.0 -1.0 1.0 1.0 1.0 0.0 0.0 0.0 0.0 0.0 0.0 0.0 0.0 0.0 0.0 0.0 0.0 0.0 0.0 0.9587337374687195
0.84375 0.84375 0.84375 0.84375 0.84375 0.84375 0.84375 0.84375 0.84375 0.84375 0.84375 0.84375 0.84375 0.84375 0.84375 0.84375 0.84375 0.84375 0.84375 0.84375 0.84375 0.953125 0.96875 0.984375 0.84375 0.84375 0.84375 0.84375 0.9375 0.953125 0.96875 0.984375 0.84375 0.84375 0.84375 0.984375 0.953125 0.96875 0.984375 0.84375 0.84375 0.84375 0.9375 0.953125 0.96875 0.984375 0.84375 0.84375 0.84375 0.0 0.0 0.0 0.0 0.0 0.0 0.0 0.0 0.0 0.0 0.0 0.0 0.0 0.0 0.0 0.0 0.0 0.0 0.0 0.0 0.0 1.0 1.0 1.0 1.0 0.0 0.0 0.0 1.0 1.0 1.0 1.0 0.0 0.0 0.0 -1.0 1.0 1.0 1.0 0.0 0.0 0.0 1.0 1.0 1.0 1.0 0.0 0.0 0.0 0.9838287234306335
0.84375 0.84375 0.84375 0.84375 0.84375 0.84375 0.84375 0.84375 0.84375 0.84375 0.84375 0.84375 0.84375 0.84375 0.96875 0.984375 1.0 0.84375 0.84375 0.84375 0.84375 0.953125 0.96875 0.984375 0.84375 0.84375 0.84375 0.84375 0.953125 0.96875 0.984375 0.84375 0.84375 0.84375 0.84375 0.953125 0.96875 0.984375 0.84375 0.84375 0.84375 0.84375 0.84375 0.84375 0.84375 0.84375 0.84375 0.84375 0.84375 0.0 0.0 0.0 0.0 0.0 0.0 0.0 0.0 0.0 0.0 0.0 0.0 0.0 0.0 1.0 1.0 1.0 0.0 0.0 0.0 0.0 1.0 1.0 1.0 1.0 0.0 0.0 0.0 1.0 1.0 1.0 0.0 0.0 0.0 0.0 1.0 1.0 1.0 0.0 0.0 0.0 0.0 0.0 0.0 0.0 0.0 0.0 0.0 0.0 0.9786425828933716
0.84375 0.84375 0.84375 0.84375 0.84375 0.84375 0.84375 0.84375 0.84375 0.84375 0.84375 0.953125 0.96875 0.984375 0.953125 0.96875 0.984375 0.921875 0.9375 0.953125 0.96875 0.953125 0.96875 0.984375 0.96875 0.984375 0.953125 0.96875 0.953125 0.96875 0.984375 0.921875 0.9375 0.953125 0.96875 0.84375 0.84375 0.84375 0.84375 0.84375 0.84375 0.84375 0.84375 0.84375 0.84375 0.84375 0.84375 0.84375 0.84375 0.0 0.0 0.0 0.0 0.0 0.0 0.0 0.0 0.0 0.0 0.0 1.0 1.0 1.0 -1.0 -1.0 -1.0 1.0 1.0 1.0 1.0 -1.0 -1.0 -1.0 -1.0 -1.0 1.0 1.0 -1.0 -1.0 -1.0 1.0 1.0 1.0 1.0 0.0 0.0 0.0 0.0 0.0 0.0 0.0 0.0 0.0 0.0 0.0 0.0 0.0 0.0 0.9557198882102966
0.84375 0.84375 0.84375 0.84375 0.84375 0.84375 0.84375 0.96875 0.984375 1.0 0.84375 0.84375 0.84375 0.84375 0.953125 0.96875 0.984375 1.0 0.84375 0.84375 0.84375 0.953125 0.96875 0.984375 0.84375 0.84375 0.84375 0.84375 0.953125 0.96875 0.984375 0.84375 0.84375 0.84375 0.84375 0.84375 0.84375 0.84375 0.84375 0.84375 0.84375 0.84375 0.84375 0.84375 0.84375 0.84375 0.84375 0.84375 0.84375 0.0 0.0 0.0 0.0 0.0 0.0 0.0 1.0 1.0 1.0 0.0 0.0 0.0 0.0 1.0 1.0 1.0 1.0 0.0 0.0 0.0 1.0 1.0 1.0 1.0 0.0 0.0 0.0 1.0 1.0 1.0 0.0 0.0 0.0 0.0 0.0 0.0 0.0 0.0 0.0 0.0 0.0 0.0 0.0 0.0 0.0 0.0 0.0 0.0 0.9817105531692505
0.84375 0.84375 0.84375 0.84375 0.953125 0.96875 0.984375 0.953125 0.96875 0.984375 0.921875 0.9375 0.953125 0.96875 0.953125 0.96875 0.984375 1.0 0.984375 0.953125 0.96875 0.953125 0.96875 0.984375 0.921875 0.9375 0.953125 0.96875 0.84375 0.84375 0.84375 0.84375 0.84375 0.84375 0.84375 0.84375 0.84375 0.84375 0.84375 0.84375 0.84375 0.84375 0.84375 0.84375 0.84375 0.84375 0.84375 0.84375 0.84375 0.0 0.0 0.0 0.0 1.0 1.0 1.0 -1.0 -1.0 -1.0 1.0 1.0 1.0 1.0 -1.0 -1.0 -1.0 -1.0 -1.0 1.0 1.0 -1.0 -1.0 -1.0 -1.0 1.0 1.0 1.0 0.0 0.0 0.0 0.0 0.0 0.0 0.0 0.0 0.0 0.0 0.0 0.0 0.0 0.0 0.0 0.0 0.0 0.0 0.0 0.0 0.0 0.9633061289787292
0.84375 0.84375 0.84375 0.84375 0.84375 0.84375 0.84375 0.84375 0.84375 0.84375 0.84375 0.84375 0.84375 0.84375 0.84375 0.84375 0.84375 0.84375 0.953125 0.96875 0.984375 0.953125 0.96875 0.984375 0.921875 0.9375 0.953125 0.96875 0.953125 0.96875 0.984375 1.0 0.984375 0.953125 0.96875 0.953125 0.96875 0.984375 1.0 0.9375 0.953125 0.96875 0.84375 0.84375 0.84375 0.84375 0.84375 0.84375 0.84375 0.0 0.0 0.0 0.0 0.0 0.0 0.0 0.0 0.0 0.0 0.0 0.0 0.0 0.0 0.0 0.0 0.0 0.0 1.0 1.0 1.0 -1.0 -1.0 -1.0 -1.0 1.0 1.0 1.0 -1.0 -1.0 -1.0 -1.0 -1.0 1.0 1.0 -1.0 -1.0 -1.0 -1.0 1.0 1.0 1.0 0.0 0.0 0.0 0.0 0.0 0.0 0.0 0.9633061289787292
0.828125 0.828125 0.828125 0.828125 0.828125 0.828125 0.828125 0.96875 0.984375 0.828125 0.828125 0.828125 0.828125 0.828125 0.953125 0.96875 0.984375 0.828125 0.828125 0.828125 0.828125 0.953125 0.96875 0.984375 0.828125 0.828125 0.828125 0.828125 0.953125 0.96875 0.828125 0.828125 0.828125 0.828125 0.828125 0.828125 0.828125 0.828125 0.828125 0.828125 0.828125 0.828125 0.828125 0.828125 0.828125 0.828125 0.828125 0.828125 0.828125 0.0 0.0 0.0 0.0 0.0 0.0 0.0 1.0 1.0 0.0 0.0 0.0 0.0 0.0 1.0 1.0 1.0 0.0 0.0 0.0 0.0 1.0 1.0 1.0 1.0 0.0 0.0 0.0 1.0 1.0 0.0 0.0 0.0 0.0 0.0 0.0 0.0 0.0 0.0 0.0 0.0 0.0 0.0 0.0 0.0 0.0 0.0 0.0 0.0 0.974506139755249
0.828125 0.828125 0.828125 0.9375 0.953125 0.96875 0.984375 0.953125 0.96875 0.984375 0.921875 0.9375 0.953125 0.96875 0.953125 0.96875 0.984375 0.96875 0.9375 0.953125 0.96875 0.953125 0.96875 0.984375 0.921875 0.9375 0.953125 0.96875 0.828125 0.828125 0.828125 0.828125 0.828125 0.828125 0.828125 0.828125 0.828125 0.828125 0.828125 0.828125 0.828125 0.828125 0.828125 0.828125 0.828125 0.828125 0.828125 0.828125 0.828125 0.0 0.0 0.0 1.0 1.0 1.0 1.0 -1.0 -1.0 -1.0 1.0 1.0 1.0 1.0 -1.0 -1.0 -1.0 -1.0 1.0 1.0 1.0 -1.0 -1.0 -1.0 -1.0 1.0 1.0 1.0 0.0 0.0 0.0 0.0 0.0 0.0 0.0 0.0 0.0 0.0 0.0 0.0 0.0 0.0 0.0 0.0 0.0 0.0 0.0 0.0 0.0 0.9633061289787292
0.953125 0.96875 0.984375 0.828125 0.828125 0.828125 0.828125 0.9375 0.953125 0.96875 0.984375 0.828125 0.828125 0.828125 0.9375 0.953125 0.96875 0.984375 1.0 0.828125 0.828125 0.9375 0.953125 0.96875 0.828125 0.828125 0.828125 0.828125 0.828125 0.828125 0.828125 0.828125 0.828125 0.828125 0.828125 0.828125 0.828125 0.828125 0.828125 0.828125 0.828125 0.828125 0.828125 0.828125 0.828125 0.828125 0.828125 0.828125 0.828125 1.0 1.0 1.0 0.0 0.0 0.0 0.0 1.0 1.0 1.0 1.0 0.0 0.0 0.0 1.0 1.0 1.0 1.0 1.0 0.0 0.0 1.0 1.0 1.0 1.0 0.0 0.0 0.0 0.0 0.0 0.0 0.0 0.0 0.0 0.0 0.0 0.0 0.0 0.0 0.0 0.0 0.0 0.0 0.0 0.0 0.0 0.0 0.0 0.0 0.9803621172904968
0.828125 0.828125 0.828125 0.828125 0.828125 0.828125 0.828125 0.828125 0.828125 0.828125 0.828125 0.828125 0.828125 0.828125 0.96875 0.984375 0.828125 0.828125 0.828125 0.828125 0.828125 0.953125 0.96875 0.984375 0.828125 0.828125 0.828125 0.828125 0.953125 0.96875 0.984375 1.0 0.828125 0.828125 0.828125 0.953125 0.96875 1.0 0.828125 0.828125 0.828125 0.828125 0.828125 0.828125 0.828125 0.828125 0.828125 0.828125 0.828125 0.0 0.0 0.0 0.0 0.0 0.0 0.0 0.0 0.0 0.0 0.0 0.0 0.0 0.0 1.0 1.0 0.0 0.0 0.0 0.0 0.0 1.0 1.0 1.0 1.0 0.0 0.0 0.0 1.0 1.0 1.0 1.0 0.0 0.0 0.0 1.0 1.0 1.0 0.0 0.0 0.0 0.0 0.0 0.0 0.0 0.0 0.0 0.0 0.0 0.9811092615127563
0.828125 0.828125 0.828125 0.828125 0.828125 0.828125 0.828125 0.828125 0.828125 0.828125 0.828125 0.828125 0.828125 0.828125 0.828125 0.828125 0.828125 0.828125 0.828125 0.828125 0.828125 0.953125 0.96875 0.984375 0.828125 0.828125 0.828125 0.828125 0.9375 0.953125 0.96875 0.984375 1.0 0.828125 0.828125 0.9375 0.953125 0.96875 0.984375 1.0 0.828125 0.828125 0.9375 0.953125 0.96875 1.0 0.828125 0.828125 0.828125 0.0 0.0 0.0 0.0 0.0 0.0 0.0 0.0 0.0 0.0 0.0 0.0 0.0 0.0 0.0 0.0 0.0 0.0 0.0 0.0 0.0 1.0 1.0 1.0 1.0 0.0 0.0 0.0 1.0 1.0 1.0 1.0 1.0 0.0 0.0 1.0 1.0 1.0 1.0 1.0 0.0 0.0 1.0 1.0 1.0 1.0 0.0 0.0 0.0 0.9838287234306335
0.828125 0.828125 0.828125 0.828125 0.828125 0.828125 0.828125 0.828125 0.828125 0.828125 0.828125 0.828125 0.828125 0.828125 0.828125 0.828125 0.828125 0.828125 0.828125 0.828125 0.828125 0.828125 0.828125 0.828125 0.9375 0.953125 0.96875 0.984375 0.953125 0.96875 0.984375 0.921875 0.9375 0.953125 0.96875 0.953125 0.96875 0.984375 0.96875 0.9375 0.953125 0.96875 0.953125 0.96875 0.984375 1.0 0.9375 0.953125 0.96875 0.0 0.0 0.0 0.0 0.0 0.0 0.0 0.0 0.0 0.0 0.0 0.0 0.0 0.0 0.0 0.0 0.0 0.0 0.0 0.0 0.0 0.0 0.0 0.0 -1.0 1.0 1.0 1.0 -1.0 -1.0 -1.0 1.0 1.0 1.0 1.0 -1.0 -1.0 -1.0 -1.0 1.0 1.0 1.0 -1.0 -1.0 -1.0 -1.0 1.0 1.0 1.0 0.9541386961936951
0.828125 0.828125 0.828125 0.828125 0.828125 0.828125 0.828125 0.828125 0.828125 0.828125 0.828125 0.828125 0.828125 0.828125 0.828125 0.828125 0.828125 0.828125 0.828125 0.828125 0.828125 0.96875 0.984375 1.0 0.828125 0.828125 0.828125 0.828125 0.953125 0.96875 0.984375 1.0 0.828125 0.828125 0.828125 0.953125 0.96875 0.984375 1.0 0.828125 0.828125 0.828125 0.953125 0.96875 1.0 0.828125 0.828125 0.828125 0.828125 0.0 0.0 0.0 0.0 0.0 0.0 0.0 0.0 0.0 0.0 0.0 0.0 0.0 0.0 0.0 0.0 0.0 0.0 0.0 0.0 0.0 1.0 1.0 1.0 1.0 0.0 0.0 0.0 1.0 1.0 1.0 1.0 0.0 0.0 0.0 1.0 1.0 1.0 1.0 0.0 0.0 0.0 1.0 1.0 1.0 0.0 0.0 0.0 0.0 0.9838287234306335
0.828125 0.828125 0.828125 0.828125 0.828125 0.828125 0.828125 0.828125 0.828125 0.828125 0.828125 0.828125 0.828125 0.828125 0.828125 0.828125 0.828125 1.0 0.953125 0.96875 0.984375 0.953125 0.96875 0.984375 0.921875 0.9375 0.953125 0.96875 0.953125 0.96875 0.984375 0.96875 0.9375 0.953125 0.96875 0.953125 0.96875 0.984375 1.0 0.9375 0.953125 0.96875 0.828125 0.828125 0.828125 0.828125 0.828125 0.828125 0.828125 0.0 0.0 0.0 0.0 0.0 0.0 0.0 0.0 0.0 0.0 0.0 0.0 0.0 0.0 0.0 0.0 0.0 -1.0 1.0 1.0 1.0 -1.0 -1.0 -1.0 -1.0 1.0 1.0 1.0 -1.0 -1.0 -1.0 -1.0 1.0 1.0 1.0 -1.0 -1.0 -1.0 -1.0 1.0 1.0 1.0 0.0 0.0 0.0 0.0 0.0 0.0 0.0 0.9633061289787292
0.828125 0.828125 0.828125 0.828125 0.828125 0.828125 0.828125 0.828125 0.828125 0.828125 1.0 0.953125 0.96875 0.984375 0.953125 0.96875 0.984375 1.0 0.9375 0.953125 0.96875 0.953125 0.96875 0.984375 0.96875 0.9375 0.953125 0.96875 0.953125 0.96875 0.984375 1.0 0.9375 0.953125 0.96875 0.828125 0.828125 0.828125 0.828125 0.828125 0.828125 0.828125 0.828125 0.828125 0.828125 0.828125 0.828125 0.828125 0.828125 0.0 0.0 0.0 0.0 0.0 0.0 0.0 0.0 0.0 0.0 -1.0 1.0 1.0 1.0 -1.0 -1.0 -1.0 -1.0 1.0 1.0 1.0 -1.0 -1.0 -1.0 -1.0 1.0 1.0 1.0 -1.0 -1.0 -1.0 -1.0 1.0 1.0 1.0 0.0 0.0 0.0 0.0 0.0 0.0 0.0 0.0 0.0 0.0 0.0 0.0 0.0 0.0 0.9633061289787292
0.8125 0.8125 0.8125 0.8125 0.8125 0.8125 0.8125 0.8125 0.8125 0.8125 0.8125 0.8125 0.8125 0.8125 0.96875 0.984375 0.984375 0.8125 0.8125 0.8125 0.8125 0.953125 0.96875 0.984375 0.8125 0.8125 0.8125 0.8125 0.953125 0.96875 0.984375 0.8125 0.8125 0.8125 0.8125 0.953125 0.984375 0.8125 0.8125 0.8125 0.8125 0.8125 0.8125 0.8125 0.8125 0.8125 0.8125 0.8125 0.8125 0.0 0.0 0.0 0.0 0.0 0.0 0.0 0.0 0.0 0.0 0.0 0.0 0.0 0.0 1.0 1.0 1.0 0.0 0.0 0.0 0.0 1.0 1.0 1.0 1.0 0.0 0.0 0.0 1.0 1.0 1.0 0.0 0.0 0.0 0.0 1.0 1.0 0.0 0.0 0.0 0.0 0.0 0.0 0.0 0.0 0.0 0.0 0.0 0.0 0.9773668050765991
0.953125 0.96875 0.984375 0.984375 0.8125 0.8125 0.8125 0.9375 0.953125 0.96875 0.984375 1.0 0.8125 0.8125 0.9375 0.953125 0.96875 0.984375 0.8125 0.8125 0.8125 0.9375 0.953125 0.984375 0.8125 0.8125 0.8125 0.8125 0.8125 0.8125 0.8125 0.8125 0.8125 0.8125 0.8125 0.8125 0.8125 0.8125 0.8125 0.8125 0.8125 0.8125 0.8125 0.8125 0.8125 0.8125 0.8125 0.8125 0.8125 1.0 1.0 1.0 1.0 0.0 0.0 0.0 1.0 1.0 1.0 1.0 1.0 0.0 0.0 1.0 1.0 1.0 1.0 0.0 0.0 0.0 1.0 1.0 1.0 1.0 0.0 0.0 0.0 0.0 0.0 0.0 0.0 0.0 0.0 0.0 0.0 0.0 0.0 0.0 0.0 0.0 0.0 0.0 0.0 0.0 0.0 0.0 0.0 0.0 0.981291651725769
0.8125 0.8125 0.8125 0.8125 0.8125 0.8125 0.8125 0.8125 0.8125 0.8125 0.8125 0.8125 0.8125 0.8125 0.8125 0.8125 0.8125 0.8125 0.8125 0.8125 0.8125 0.8125 0.8125 0.984375 0.9375 0.953125 0.96875 0.984375 0.953125 0.96875 0.984375 0.921875 0.9375 0.953125 0.96875 0.953125 0.96875 0.984375 0.921875 0.9375 0.953125 0.96875 0.953125 0.96875 0.984375 0.921875 0.9375 0.953125 0.984375 0.0 0.0 0.0 0.0 0.0 0.0 0.0 0.0 0.0 0.0 0.0 0.0 0.0 0.0 0.0 0.0 0.0 0.0 0.0 0.0 0.0 0.0 0.0 -1.0 -1.0 1.0 1.0 1.0 -1.0 -1.0 -1.0 1.0 1.0 1.0 1.0 -1.0 -1.0 -1.0 1.0 1.0 1.0 1.0 -1.0 -1.0 -1.0 1.0 1.0 1.0 1.0 0.9326912760734558
0.8125 0.8125 0.984375 1.0 0.953125 0.96875 0.984375 0.953125 0.96875 0.984375 0.921875 0.9375 0.953125 0.96875 0.953125 0.96875 0.984375 0.921875 0.9375 0.953125 0.96875 0.953125 0.96875 0.984375 0.921875 0.9375 0.953125 0.984375 0.8125 0.8125 0.8125 0.8125 0.8125 0.8125 0.8125 0.8125 0.8125 0.8125 0.8125 0.8125 0.8125 0.8125 0.8125 0.8125 0.8125 0.8125 0.8125 0.8125 0.8125 0.0 0.0 -1.0 -1.0 1.0 1.0 1.0 -1.0 -1.0 -1.0 1.0 1.0 1.0 1.0 -1.0 -1.0 -1.0 1.0 1.0 1.0 1.0 -1.0 -1.0 -1.0 -1.0 1.0 1.0 1.0 0.0 0.0 0.0 0.0 0.0 0.0 0.0 0.0 0.0 0.0 0.0 0.0 0.0 0.0 0.0 0.0 0.0 0.0 0.0 0.0 0.0 0.9488817453384399
0.8125 0.8125 0.8125 0.8125 0.8125 0.8125 0.8125 0.8125 0.8125 0.984375 1.0 0.953125 0.96875 0.984375 0.953125 0.96875 0.984375 0.921875 0.9375 0.953125 0.96875 0.953125 0.96875 0.984375 0.921875 0.9375 0.953125 0.96875 0.953125 0.96875 0.984375 1.0 0.9375 0.953125 0.984375 0.8125 0.8125 0.8125 0.8125 0.8125 0.8125 0.8125 0.8125 0.8125 0.8125 0.8125 0.8125 0.8125 0.8125 0.0 0.0 0.0 0.0 0.0 0.0 0.0 0.0 0.0 -1.0 -1.0 1.0 1.0 1.0 -1.0 -1.0 -1.0 1.0 1.0 1.0 1.0 -1.0 -1.0 -1.0 -1.0 1.0 1.0 1.0 -1.0 -1.0 -1.0 -1.0 1.0 1.0 1.0 0.0 0.0 0.0 0.0 0.0 0.0 0.0 0.0 0.0 0.0 0.0 0.0 0.0 0.0 0.9633061289787292
0.8125 0.8125 0.8125 0.8125 0.8125 0.8125 0.8125 0.8125 0.8125 0.8125 0.8125 0.8125 0.8125 0.8125 0.8125 0.8125 0.984375 1.0 0.953125 0.96875 0.984375 0.953125 0.96875 0.984375 0.921875 0.9375 0.953125 0.96875 0.953125 0.96875 0.984375 1.0 0.9375 0.953125 0.96875 0.953125 0.96875 0.984375 1.0 0.9375 0.953125 0.984375 0.8125 0.8125 0.8125 0.8125 0.8125 0.8125 0.8125 0.0 0.0 0.0 0.0 0.0 0.0 0.0 0.0 0.0 0.0 0.0 0.0 0.0 0.0 0.0 0.0 -1.0 -1.0 1.0 1.0 1.0 -1.0 -1.0 -1.0 -1.0 1.0 1.0 1.0 -1.0 -1.0 -1.0 -1.0 1.0 1.0 1.0 -1.0 -1.0 -1.0 -1.0 1.0 1.0 1.0 0.0 0.0 0.0 0.0 0.0 0.0 0.0 0.9633061289787292
0.8125 0.8125 0.8125 0.8125 0.8125 0.8125 0.8125 0.8125 0.8125 0.8125 0.8125 0.8125 0.8125 0.8125 0.8125 0.8125 0.8125 0.8125 0.8125 0.8125 0.8125 0.96875 0.984375 0.984375 0.8125 0.8125 0.8125 0.8125 0.953125 0.96875 0.984375 1.0 0.8125 0.8125 0.8125 0.953125 0.96875 0.984375 0.8125 0.8125 0.8125 0.8125 0.953125 0.984375 1.0 0.8125 0.8125 0.8125 0.8125 0.0 0.0 0.0 0.0 0.0 0.0 0.0 0.0 0.0 0.0 0.0 0.0 0.0 0.0 0.0 0.0 0.0 0.0 0.0 0.0 0.0 1.0 1.0 1.0 1.0 0.0 0.0 0.0 1.0 1.0 1.0 1.0 0.0 0.0 0.0 1.0 1.0 1.0 0.0 0.0 0.0 0.0 1.0 1.0 1.0 0.0 0.0 0.0 0.0 0.9820040464401245
0.8125 0.8125 0.8125 0.8125 0.8125 0.8125 0.8125 0.96875 0.984375 0.984375 1.0 0.8125 0.8125 0.8125 0.953125 0.96875 0.984375 1.0 0.8125 0.8125 0.8125 0.953125 0.96875 0.984375 0.8125 0.8125 0.8125 0.8125 0.953125 0.984375 1.0 0.8125 0.8125 0.8125 0.8125 0.8125 0.8125 0.8125 0.8125 0.8125 0.8125 0.8125 0.8125 0.8125 0.8125 0.8125 0.8125 0.8125 0.8125 0.0 0.0 0.0 0.0 0.0 0.0 0.0 1.0 1.0 1.0 1.0 0.0 0.0 0.0 1.0 1.0 1.0 1.0 0.0 0.0 0.0 1.0 1.0 1.0 1.0 0.0 0.0 0.0 1.0 1.0 1.0 0.0 0.0 0.0 0.0 0.0 0.0 0.0 0.0 0.0 0.0 0.0 0.0 0.0 0.0 0.0 0.0 0.0 0.0 0.9834038019180298
0.796875 0.796875 0.796875 0.796875 0.796875 0.796875 0.796875 0.796875 0.796875 0.796875 0.796875 0.796875 0.796875 0.796875 0.953125 0.96875 0.96875 0.984375 0.796875 0.796875 0.796875 0.9375 0.953125 0.96875 0.984375 0.796875 0.796875 0.796875 0.9375 0.953125 0.96875 0.984375 0.796875 0.796875 0.796875 0.9375 0.96875 0.984375 0.796875 0.796875 0.796875 0.796875 0.796875 0.796875 0.796875 0.796875 0.796875 0.796875 0.796875 0.0 0.0 0.0 0.0 0.0 0.0 0.0 0.0 0.0 0.0 0.0 0.0 0.0 0.0 1.0 1.0 1.0 1.0 0.0 0.0 0.0 1.0 1.0 1.0 1.0 0.0 0.0 0.0 1.0 1.0 1.0 1.0 0.0 0.0 0.0 1.0 1.0 1.0 0.0 0.0 0.0 0.0 0.0 0.0 0.0 0.0 0.0 0.0 0.0 0.9838287234306335
0.796875 0.796875 0.796875 0.796875 0.796875 0.796875 0.796875 0.796875 0.796875 0.796875 0.796875 0.796875 0.796875 0.796875 0.96875 0.96875 0.984375 0.796875 0.796875 0.796875 0.796875 0.953125 0.96875 1.0 0.796875 0.796875 0.796875 0.796875 0.953125 0.96875 0.984375 0.796875 0.796875 0.796875 0.796875 0.96875 0.984375 0.796875 0.796875 0.796875 0.796875 0.796875 0.796875 0.796875 0.796875 0.796875 0.796875 0.796875 0.796875 0.0 0.0 0.0 0.0 0.0 0.0 0.0 0.0 0.0 0.0 0.0 0.0 0.0 0.0 1.0 1.0 1.0 0.0 0.0 0.0 0.0 1.0 1.0 1.0 1.0 0.0 0.0 0.0 1.0 1.0 1.0 0.0 0.0 0.0 0.0 1.0 1.0 0.0 0.0 0.0 0.0 0.0 0.0 0.0 0.0 0.0 0.0 0.0 0.0 0.9775844812393188
0.796875 0.796875 0.796875 0.796875 0.796875 0.796875 0.796875 0.796875 0.796875 0.796875 0.796875 0.796875 0.796875 0.796875 0.796875 0.796875 0.796875 0.796875 0.796875 0.796875 0.796875 0.796875 0.96875 0.984375 0.9375 0.953125 0.96875 0.96875 0.953125 0.96875 0.984375 0.921875 0.9375 0.953125 0.96875 0.953125 0.96875 0.984375 0.921875 0.9375 0.953125 0.96875 0.953125 0.96875 0.984375 0.921875 0.9375 0.96875 0.984375 0.0 0.0 0.0 0.0 0.0 0.0 0.0 0.0 0.0 0.0 0.0 0.0 0.0 0.0 0.0 0.0 0.0 0.0 0.0 0.0 0.0 0.0 -1.0 -1.0 -1.0 1.0 1.0 1.0 -1.0 -1.0 -1.0 1.0 1.0 1.0 1.0 -1.0 -1.0 -1.0 1.0 1.0 1.0 1.0 -1.0 -1.0 -1.0 1.0 1.0 1.0 1.0 0.9431384801864624
0.796875 0.796875 0.796875 0.796875 0.796875 0.796875 0.796875 0.796875 0.796875 0.796875 0.796875 0.796875 0.796875 0.796875 0.796875 0.96875 0.984375 1.0 0.953125 0.96875 0.96875 0.953125 0.96875 0.984375 0.921875 0.9375 0.953125 0.96875 0.953125 0.96875 0.984375 0.921875 0.9375 0.953125 0.96875 0.953125 0.96875 0.984375 0.921875 0.9375 0.96875 0.984375 0.796875 0.796875 0.796875 0.796875 0.796875 0.796875 0.796875 0.0 0.0 0.0 0.0 0.0 0.0 0.0 0.0 0.0 0.0 0.0 0.0 0.0 0.0 0.0 -1.0 -1.0 -1.0 1.0 1.0 1.0 -1.0 -1.0 -1.0 -1.0 1.0 1.0 1.0 -1.0 -1.0 -1.0 1.0 1.0 1.0 1.0 -1.0 -1.0 -1.0 1.0 1.0 1.0 1.0 0.0 0.0 0.0 0.0 0.0 0.0 0.0 0.9633061289787292
0.796875 0.796875 0.796875 0.796875 0.796875 0.796875 0.796875 0.96875 0.96875 0.984375 0.796875 0.796875 0.796875 0.796875 0.953125 0.96875 1.0 1.0 0.796875 0.796875 0.796875 0.953125 0.96875 0.984375 0.796875 0.796875 0.796875 0.796875 0.96875 0.984375 0.796875 0.796875 0.796875 0.796875 0.796875 0.796875 0.796875 0.796875 0.796875 0.796875 0.796875 0.796875 0.796875 0.796875 0.796875 0.796875 0.796875 0.796875 0.796875 0.0 0.0 0.0 0.0 0.0 0.0 0.0 1.0 1.0 1.0 0.0 0.0 0.0 0.0 1.0 1.0 1.0 1.0 0.0 0.0 0.0 1.0 1.0 1.0 1.0 0.0 0.0 0.0 1.0 1.0 0.0 0.0 0.0 0.0 0.0 0.0 0.0 0.0 0.0 0.0 0.0 0.0 0.0 0.0 0.0 0.0 0.0 0.0 0.0 0.9798479676246643
0.796875 0.96875 0.984375 1.0 0.953125 0.96875 0.96875 0.953125 0.96875 0.984375 1.0 0.9375 0.953125 0.96875 0.953125 0.96875 0.984375 0.921875 0.9375 0.953125 0.96875 0.953125 0.96875 0.984375 0.921875 0.9375 0.96875 0.984375 0.796875 0.796875 0.796875 0.796875 0.796875 0.796875 0.796875 0.796875 0.796875 0.796875 0.796875 0.796875 0.796875 0.796875 0.796875 0.796875 0.796875 0.796875 0.796875 0.796875 0.796875 0.0 -1.0 -1.0 -1.0 1.0 1.0 1.0 -1.0 -1.0 -1.0 -1.0 1.0 1.0 1.0 -1.0 -1.0 -1.0 1.0 1.0 1.0 1.0 -1.0 -1.0 -1.0 -1.0 1.0 1.0 1.0 0.0 0.0 0.0 0.0 0.0 0.0 0.0 0.0 0.0 0.0 0.0 0.0 0.0 0.0 0.0 0.0 0.0 0.0 0.0 0.0 0.0 0.9443743824958801
0.796875 0.796875 0.796875 0.796875 0.796875 0.796875 0.796875 0.796875 0.796875 0.796875 0.796875 0.796875 0.796875 0.796875 0.796875 0.796875 0.796875 0.796875 0.796875 0.796875 0.796875 0.96875 0.96875 0.984375 0.796875 0.796875 0.796875 0.796875 0.953125 0.96875 1.0 1.0 0.796875 0.796875 0.796875 0.953125 0.96875 0.984375 1.0 0.796875 0.796875 0.796875 0.96875 0.984375 0.796875 0.796875 0.796875 0.796875 0.796875 0.0 0.0 0.0 0.0 0.0 0.0 0.0 0.0 0.0 0.0 0.0 0.0 0.0 0.0 0.0 0.0 0.0 0.0 0.0 0.0 0.0 1.0 1.0 1.0 1.0 0.0 0.0 0.0 1.0 1.0 1.0 1.0 0.0 0.0 0.0 1.0 1.0 1.0 1.0 0.0 0.0 0.0 1.0 1.0 0.0 0.0 0.0 0.0 0.0 0.9836176037788391
0.796875 0.796875 0.796875 0.796875 0.796875 0.796875 0.796875 0.796875 0.96875 0.984375 1.0 0.953125 0.96875 0.96875 0.953125 0.96875 0.984375 1.0 0.9375 0.953125 0.96875 0.953125 0.96875 0.984375 0.921875 0.9375 0.953125 0.96875 0.953125 0.96875 0.984375 1.0 0.9375 0.96875 0.984375 0.796875 0.796875 0.796875 0.796875 0.796875 0.796875 0.796875 0.796875 0.796875 0.796875 0.796875 0.796875 0.796875 0.796875 0.0 0.0 0.0 0.0 0.0 0.0 0.0 0.0 -1.0 -1.0 -1.0 1.0 1.0 1.0 -1.0 -1.0 -1.0 -1.0 1.0 1.0 1.0 -1.0 -1.0 -1.0 -1.0 1.0 1.0 1.0 -1.0 -1.0 -1.0 -1.0 1.0 1.0 1.0 0.0 0.0 0.0 0.0 0.0 0.0 0.0 0.0 0.0 0.0 0.0 0.0 0.0 0.0 0.9633061289787292
0.78125 0.78125 0.78125 0.78125 0.78125 0.78125 0.78125 0.78125 0.78125 0.78125 0.78125 0.78125 0.78125 0.78125 0.78125 0.78125 0.78125 0.78125 0.78125 0.78125 0.78125 0.953125 0.96875 0.984375 0.9375 0.953125 0.953125 0.96875 0.953125 0.96875 0.984375 0.921875 0.9375 0.953125 0.984375 0.953125 0.96875 0.984375 0.921875 0.9375 0.953125 0.96875 0.953125 0.96875 0.984375 0.921875 0.953125 0.96875 0.78125 0.0 0.0 0.0 0.0 0.0 0.0 0.0 0.0 0.0 0.0 0.0 0.0 0.0 0.0 0.0 0.0 0.0 0.0 0.0 0.0 0.0 -1.0 -1.0 -1.0 -1.0 1.0 1.0 1.0 -1.0 -1.0 -1.0 1.0 1.0 1.0 1.0 -1.0 -1.0 -1.0 1.0 1.0 1.0 1.0 -1.0 -1.0 -1.0 1.0 1.0 1.0 0.0 0.9417195320129395
0.78125 0.78125 0.78125 0.78125 0.78125 0.78125 0.78125 0.78125 0.78125 0.78125 0.78125 0.78125 0.78125 0.78125 0.953125 0.96875 0.984375 0.78125 0.78125 0.78125 0.78125 0.953125 0.984375 0.984375 0.78125 0.78125 0.78125 0.78125 0.953125 0.96875 0.984375 0.78125 0.78125 0.78125 0.78125 0.96875 0.78125 0.78125 0.78125 0.78125 0.78125 0.78125 0.78125 0.78125 0.78125 0.78125 0.78125 0.78125 0.78125 0.0 0.0 0.0 0.0 0.0 0.0 0.0 0.0 0.0 0.0 0.0 0.0 0.0 0.0 1.0 1.0 1.0 0.0 0.0 0.0 0.0 1.0 1.0 1.0 1.0 0.0 0.0 0.0 1.0 1.0 1.0 0.0 0.0 0.0 0.0 1.0 0.0 0.0 0.0 0.0 0.0 0.0 0.0 0.0 0.0 0.0 0.0 0.0 0.0 0.9791195392608643
