1.0 1.0 1.0 1.0 1.0 1.0 1.0 1.0 1.0 1.0 1.0 1.0 1.0 1.0 1.0 1.0 1.0 1.0 1.0 1.0 1.0 1.0 1.0 1.0 1.0 1.0 1.0 1.0 1.0 1.0 1.0 1.0 1.0 1.0 1.0 1.0 1.0 1.0 1.0 1.0 1.0 1.0 1.0 1.0 1.0 1.0 1.0 1.0 1.0 0.0 0.0 0.0 0.0 0.0 0.0 0.0 0.0 0.0 0.0 0.0 0.0 0.0 0.0 0.0 0.0 0.0 0.0 0.0 0.0 0.0 0.0 0.0 0.0 1.0 0.0 0.0 0.0 0.0 0.0 0.0 0.0 0.0 0.0 0.0 0.0 0.0 0.0 0.0 0.0 0.0 0.0 0.0 0.0 0.0 0.0 0.0 0.0 0.0 
1.0 1.0 1.0 1.0 1.0 1.0 1.0 1.0 1.0 1.0 1.0 1.0 1.0 1.0 1.0 1.0 1.0 1.0 1.0 1.0 1.0 1.0 1.0 1.0 1.0 1.0 1.0 1.0 1.0 1.0 1.0 1.0 1.0 1.0 1.0 1.0 1.0 1.0 1.0 1.0 1.0 1.0 1.0 1.0 1.0 1.0 1.0 1.0 1.0 0.0 0.0 0.0 0.0 0.0 0.0 0.0 0.0 0.0 0.0 0.0 0.0 0.0 0.0 0.0 0.0 0.0 0.0 0.0 0.0 0.0 0.0 0.0 0.0 1.0 0.0 0.0 0.0 0.0 1.0 0.0 0.0 0.0 0.0 0.0 0.0 0.0 0.0 0.0 0.0 0.0 0.0 0.0 0.0 0.0 0.0 0.0 0.0 0.0 
1.0 1.0 1.0 1.0 1.0 1.0 1.0 1.0 1.0 1.0 1.0 1.0 1.0 1.0 1.0 1.0 1.0 1.0 1.0 1.0 1.0 1.0 1.0 1.0 1.0 1.0 1.0 1.0 1.0 1.0 1.0 1.0 1.0 1.0 1.0 1.0 1.0 1.0 1.0 1.0 1.0 1.0 1.0 1.0 1.0 1.0 1.0 1.0 1.0 0.0 0.0 0.0 0.0 0.0 0.0 0.0 0.0 0.0 0.0 0.0 0.0 0.0 0.0 0.0 0.0 0.0 0.0 0.0 0.0 0.0 0.0 0.0 0.0 1.0 0.0 1.0 0.0 0.0 0.0 0.0 1.0 0.0 0.0 0.0 0.0 0.0 0.0 0.0 0.0 0.0 0.0 0.0 0.0 0.0 0.0 0.0 0.0 0.0 
1.0 1.0 1.0 1.0 1.0 1.0 1.0 1.0 1.0 1.0 1.0 1.0 1.0 1.0 1.0 1.0 1.0 1.0 1.0 1.0 1.0 1.0 1.0 1.0 1.0 1.0 1.0 1.0 1.0 1.0 1.0 1.0 1.0 1.0 1.0 1.0 1.0 1.0 1.0 1.0 1.0 1.0 1.0 1.0 1.0 1.0 1.0 1.0 1.0 0.0 0.0 0.0 0.0 0.0 0.0 0.0 0.0 1.0 0.0 1.0 0.0 0.0 0.0 0.0 1.0 0.0 0.0 0.0 0.0 0.0 0.0 0.0 0.0 1.0 0.0 0.0 0.0 0.0 0.0 0.0 0.0 0.0 0.0 0.0 0.0 0.0 0.0 0.0 0.0 0.0 0.0 0.0 0.0 0.0 0.0 0.0 0.0 0.0 
1.0 1.0 1.0 1.0 1.0 1.0 1.0 1.0 1.0 1.0 1.0 1.0 1.0 1.0 1.0 1.0 1.0 1.0 1.0 1.0 1.0 1.0 1.0 1.0 1.0 1.0 1.0 1.0 1.0 1.0 1.0 1.0 1.0 1.0 1.0 1.0 1.0 1.0 1.0 1.0 1.0 1.0 1.0 1.0 1.0 1.0 1.0 1.0 1.0 0.0 0.0 0.0 0.0 0.0 0.0 0.0 0.0 0.0 0.0 1.0 0.0 1.0 0.0 0.0 0.0 0.0 1.0 0.0 0.0 0.0 0.0 0.0 0.0 1.0 0.0 1.0 0.0 0.0 0.0 0.0 0.0 0.0 0.0 0.0 0.0 0.0 0.0 0.0 0.0 0.0 0.0 0.0 0.0 0.0 0.0 0.0 0.0 0.0 
1.0 1.0 1.0 1.0 1.0 1.0 1.0 1.0 1.0 1.0 1.0 1.0 1.0 1.0 1.0 1.0 1.0 1.0 1.0 1.0 1.0 1.0 1.0 1.0 1.0 1.0 1.0 1.0 1.0 1.0 1.0 1.0 1.0 1.0 1.0 1.0 1.0 1.0 1.0 1.0 1.0 1.0 1.0 1.0 1.0 1.0 1.0 1.0 1.0 0.0 0.0 0.0 0.0 0.0 0.0 0.0 0.0 0.0 1.0 0.0 1.0 0.0 0.0 0.0 0.0 1.0 0.0 0.0 0.0 0.0 0.0 0.0 1.0 1.0 1.0 0.0 0.0 0.0 0.0 0.0 0.0 0.0 0.0 0.0 0.0 0.0 0.0 0.0 0.0 0.0 0.0 0.0 0.0 0.0 0.0 0.0 0.0 0.0 
1.0 1.0 1.0 1.0 1.0 1.0 1.0 1.0 1.0 1.0 1.0 1.0 1.0 1.0 1.0 1.0 1.0 1.0 1.0 1.0 1.0 1.0 1.0 1.0 1.0 1.0 1.0 1.0 1.0 1.0 1.0 1.0 1.0 1.0 1.0 1.0 1.0 1.0 1.0 1.0 1.0 1.0 1.0 1.0 1.0 1.0 1.0 1.0 1.0 0.0 0.0 0.0 0.0 0.0 0.0 0.0 0.0 0.0 0.0 0.0 0.0 0.0 0.0 0.0 0.0 0.0 0.0 0.0 0.0 0.0 0.0 0.0 1.0 1.0 1.0 0.0 0.0 0.0 0.0 1.0 0.0 0.0 0.0 0.0 0.0 0.0 1.0 1.0 1.0 0.0 0.0 0.0 0.0 0.0 0.0 0.0 0.0 0.0 
1.0 1.0 1.0 1.0 1.0 1.0 1.0 1.0 1.0 1.0 1.0 1.0 1.0 1.0 1.0 1.0 1.0 1.0 1.0 1.0 1.0 1.0 1.0 1.0 1.0 1.0 1.0 1.0 1.0 1.0 1.0 1.0 1.0 1.0 1.0 1.0 1.0 1.0 1.0 1.0 1.0 1.0 1.0 1.0 1.0 1.0 1.0 1.0 1.0 0.0 0.0 0.0 0.0 0.0 0.0 0.0 0.0 0.0 0.0 0.0 0.0 0.0 0.0 0.0 1.0 1.0 1.0 0.0 0.0 0.0 0.0 1.0 0.0 1.0 0.0 0.0 0.0 0.0 1.0 1.0 1.0 0.0 0.0 0.0 0.0 0.0 0.0 0.0 0.0 0.0 0.0 0.0 0.0 0.0 0.0 0.0 0.0 0.0 
0.984375 0.984375 0.984375 0.984375 0.984375 0.984375 0.984375 0.984375 0.984375 0.984375 0.984375 0.984375 0.984375 0.984375 0.984375 0.984375 0.984375 0.984375 0.984375 0.984375 0.984375 0.984375 0.984375 0.984375 0.984375 0.984375 0.984375 0.984375 0.984375 0.984375 0.984375 0.984375 0.984375 0.984375 0.984375 0.984375 0.984375 0.984375 0.984375 0.984375 0.984375 0.984375 0.984375 0.984375 0.984375 0.984375 0.984375 0.984375 0.984375 0.0 0.0 0.0 0.0 0.0 0.0 0.0 0.0 0.0 0.0 0.0 0.0 0.0 0.0 0.0 0.0 1.0 1.0 1.0 0.0 0.0 0.0 0.0 1.0 1.0 1.0 0.0 0.0 0.0 0.0 1.0 1.0 1.0 0.0 0.0 0.0 0.0 0.0 0.0 0.0 0.0 0.0 0.0 0.0 0.0 0.0 0.0 0.0 0.0 
0.968750 0.968750 0.968750 0.968750 0.968750 0.968750 0.968750 0.968750 0.968750 0.968750 0.968750 0.968750 0.968750 0.968750 0.968750 0.984375 0.968750 0.968750 0.968750 0.968750 0.968750 0.968750 0.968750 0.968750 0.968750 0.968750 0.968750 0.968750 0.968750 0.968750 0.968750 0.968750 0.968750 0.968750 0.968750 0.968750 0.968750 0.968750 0.968750 0.968750 0.968750 0.968750 0.968750 0.968750 0.968750 0.968750 0.968750 0.968750 0.968750 0.0 0.0 0.0 0.0 0.0 0.0 0.0 1.0 1.0 1.0 0.0 0.0 0.0 0.0 1.0 1.0 1.0 0.0 0.0 0.0 0.0 1.0 1.0 1.0 1.0 0.0 0.0 0.0 0.0 0.0 0.0 0.0 0.0 0.0 0.0 0.0 0.0 0.0 0.0 0.0 0.0 0.0 0.0 0.0 0.0 0.0 0.0 0.0 0.0 
0.968750 0.968750 0.968750 0.968750 0.968750 0.968750 0.968750 0.968750 0.968750 0.968750 0.968750 0.968750 0.968750 0.968750 0.968750 0.968750 0.968750 0.968750 0.968750 0.968750 0.968750 0.968750 0.968750 0.968750 0.984375 0.968750 0.968750 0.968750 0.968750 0.968750 0.968750 0.968750 0.968750 1.0 0.968750 0.968750 0.968750 0.968750 0.968750 0.968750 0.968750 0.968750 0.968750 0.968750 0.968750 0.968750 0.968750 0.968750 0.968750 0.0 0.0 0.0 0.0 0.0 0.0 0.0 0.0 0.0 0.0 0.0 0.0 0.0 0.0 0.0 0.0 1.0 1.0 1.0 0.0 0.0 0.0 0.0 1.0 1.0 1.0 0.0 0.0 0.0 0.0 1.0 1.0 1.0 1.0 0.0 0.0 0.0 0.0 0.0 0.0 0.0 0.0 0.0 0.0 0.0 0.0 0.0 0.0 0.0 
0.968750 0.968750 0.968750 0.968750 0.968750 0.968750 0.968750 0.968750 0.968750 0.968750 0.968750 0.968750 0.968750 0.968750 0.968750 0.968750 0.968750 0.968750 0.968750 0.968750 0.968750 0.968750 1.0 0.968750 0.968750 0.968750 0.968750 0.968750 0.968750 0.968750 0.968750 1.0 0.968750 0.968750 0.968750 0.968750 0.968750 0.968750 0.968750 0.968750 0.968750 0.968750 0.968750 0.968750 0.968750 0.968750 0.968750 0.968750 0.968750 0.0 0.0 0.0 0.0 0.0 0.0 0.0 0.0 0.0 0.0 0.0 0.0 0.0 0.0 1.0 1.0 1.0 0.0 0.0 0.0 0.0 1.0 1.0 1.0 1.0 0.0 0.0 0.0 1.0 1.0 1.0 1.0 0.0 0.0 0.0 0.0 0.0 0.0 0.0 0.0 0.0 0.0 0.0 0.0 0.0 0.0 0.0 0.0 0.0 
0.968750 0.968750 0.968750 0.968750 0.968750 0.968750 0.968750 0.968750 0.968750 0.968750 0.968750 0.968750 0.968750 0.968750 0.968750 0.968750 0.968750 0.968750 0.968750 0.968750 0.968750 0.968750 0.968750 0.968750 0.968750 0.968750 0.968750 0.968750 0.968750 1.0 0.968750 1.0 0.968750 0.968750 0.968750 0.968750 0.968750 0.968750 1.0 0.968750 0.968750 0.968750 0.968750 0.968750 0.968750 0.968750 0.968750 0.968750 0.968750 0.0 0.0 0.0 0.0 0.0 0.0 0.0 0.0 0.0 0.0 0.0 0.0 0.0 0.0 0.0 0.0 0.0 0.0 0.0 0.0 0.0 1.0 1.0 1.0 1.0 0.0 0.0 0.0 1.0 1.0 1.0 1.0 0.0 0.0 0.0 1.0 1.0 1.0 1.0 0.0 0.0 0.0 0.0 0.0 0.0 0.0 0.0 0.0 0.0 
0.968750 0.968750 0.968750 0.968750 0.968750 0.968750 0.968750 0.968750 0.968750 0.968750 0.968750 0.968750 0.968750 0.968750 0.968750 0.968750 0.968750 0.968750 1.0 0.968750 0.968750 0.968750 0.968750 1.0 0.968750 1.0 0.968750 0.968750 0.968750 0.968750 0.968750 0.968750 1.0 0.968750 0.968750 0.968750 0.968750 0.968750 0.968750 0.968750 0.968750 0.968750 0.968750 0.968750 0.968750 0.968750 0.968750 0.968750 0.968750 0.0 0.0 0.0 0.0 0.0 0.0 0.0 0.0 0.0 0.0 0.0 0.0 0.0 0.0 0.0 1.0 1.0 1.0 1.0 0.0 0.0 0.0 1.0 1.0 1.0 1.0 0.0 0.0 0.0 1.0 1.0 1.0 1.0 0.0 0.0 0.0 0.0 0.0 0.0 0.0 0.0 0.0 0.0 0.0 0.0 0.0 0.0 0.0 0.0 
0.953125 0.953125 0.953125 0.953125 0.953125 0.953125 0.953125 0.953125 0.953125 0.984375 0.953125 0.953125 0.953125 0.953125 0.984375 0.984375 0.984375 0.953125 0.953125 0.953125 0.953125 0.953125 0.953125 0.984375 0.953125 0.953125 0.953125 0.953125 0.953125 0.953125 0.953125 0.953125 0.953125 0.953125 0.953125 0.953125 0.953125 0.953125 0.953125 0.953125 0.953125 0.953125 0.953125 0.953125 0.953125 0.953125 0.953125 0.953125 0.953125 0.0 0.0 0.0 0.0 0.0 0.0 0.0 1.0 1.0 1.0 0.0 0.0 0.0 0.0 1.0 1.0 1.0 0.0 0.0 0.0 0.0 1.0 1.0 1.0 1.0 0.0 0.0 0.0 0.0 0.0 0.0 0.0 0.0 0.0 0.0 0.0 0.0 0.0 0.0 0.0 0.0 0.0 0.0 0.0 0.0 0.0 0.0 0.0 0.0 
0.953125 0.953125 0.953125 0.953125 0.953125 0.953125 0.953125 0.953125 0.953125 0.953125 0.953125 0.953125 0.953125 0.953125 0.953125 0.953125 0.953125 0.953125 0.953125 0.953125 0.953125 0.953125 0.953125 0.984375 0.953125 0.953125 0.953125 0.953125 0.984375 0.984375 0.984375 0.953125 0.953125 0.953125 0.953125 0.953125 0.953125 0.984375 1.0 0.953125 0.953125 0.953125 0.953125 0.953125 0.953125 0.953125 0.953125 0.953125 0.953125 0.0 0.0 0.0 0.0 0.0 0.0 0.0 0.0 0.0 0.0 0.0 0.0 0.0 0.0 0.0 0.0 0.0 0.0 0.0 0.0 0.0 1.0 1.0 1.0 1.0 0.0 0.0 0.0 1.0 1.0 1.0 0.0 0.0 0.0 0.0 1.0 1.0 1.0 1.0 0.0 0.0 0.0 0.0 0.0 0.0 0.0 0.0 0.0 0.0 
0.953125 0.953125 0.953125 0.953125 0.953125 0.953125 0.953125 0.953125 0.953125 0.953125 0.953125 0.953125 0.953125 0.953125 0.953125 0.953125 0.953125 0.984375 1.0 0.953125 0.953125 0.953125 0.984375 0.984375 0.984375 0.953125 0.953125 0.953125 0.953125 0.953125 0.953125 0.984375 1.0 0.953125 0.953125 0.953125 0.953125 0.953125 0.953125 0.953125 0.953125 0.953125 0.953125 0.953125 0.953125 0.953125 0.953125 0.953125 0.953125 0.0 0.0 0.0 0.0 0.0 0.0 0.0 0.0 0.0 0.0 0.0 0.0 0.0 0.0 1.0 1.0 1.0 1.0 1.0 0.0 0.0 1.0 1.0 1.0 1.0 0.0 0.0 0.0 1.0 1.0 1.0 1.0 1.0 0.0 0.0 0.0 0.0 0.0 0.0 0.0 0.0 0.0 0.0 0.0 0.0 0.0 0.0 0.0 0.0 
0.953125 0.953125 0.953125 0.953125 0.953125 0.953125 0.953125 0.953125 0.953125 0.953125 0.953125 0.953125 0.953125 0.953125 0.953125 0.953125 0.984375 1.0 0.953125 0.953125 0.953125 0.984375 0.984375 1.0 0.953125 0.953125 0.953125 0.953125 0.953125 0.953125 0.984375 1.0 0.953125 0.953125 0.953125 0.953125 0.953125 0.953125 0.953125 0.953125 0.953125 0.953125 0.953125 0.953125 0.953125 0.953125 0.953125 0.953125 0.953125 0.0 0.0 0.0 0.0 0.0 0.0 0.0 0.0 0.0 0.0 0.0 0.0 0.0 0.0 1.0 1.0 1.0 1.0 0.0 0.0 0.0 1.0 1.0 1.0 1.0 0.0 0.0 0.0 1.0 1.0 1.0 1.0 0.0 0.0 0.0 0.0 0.0 0.0 0.0 0.0 0.0 0.0 0.0 0.0 0.0 0.0 0.0 0.0 0.0 
0.937500 0.937500 0.937500 0.937500 0.937500 0.937500 0.937500 0.937500 0.937500 0.937500 0.937500 0.937500 0.937500 0.937500 0.937500 0.937500 0.968750 0.984375 0.937500 0.937500 0.937500 0.968750 0.968750 0.984375 0.984375 0.937500 0.937500 0.937500 0.937500 0.937500 0.968750 0.984375 0.937500 0.937500 0.937500 0.937500 0.937500 0.937500 0.937500 0.937500 0.937500 0.937500 0.937500 0.937500 0.937500 0.937500 0.937500 0.937500 0.937500 0.0 0.0 0.0 0.0 0.0 0.0 0.0 0.0 0.0 0.0 0.0 0.0 0.0 0.0 1.0 1.0 1.0 1.0 0.0 0.0 0.0 1.0 1.0 1.0 1.0 0.0 0.0 0.0 1.0 1.0 1.0 1.0 0.0 0.0 0.0 0.0 0.0 0.0 0.0 0.0 0.0 0.0 0.0 0.0 0.0 0.0 0.0 0.0 0.0 
0.937500 0.937500 0.937500 0.937500 0.937500 0.937500 0.937500 0.937500 0.937500 0.937500 0.937500 0.937500 0.937500 0.968750 0.937500 0.937500 0.937500 0.937500 0.968750 0.968750 0.984375 0.937500 0.937500 0.937500 0.937500 0.937500 0.937500 0.968750 0.937500 0.937500 0.937500 0.937500 0.937500 0.937500 0.937500 0.937500 0.937500 0.937500 0.937500 0.937500 0.937500 0.937500 0.937500 0.937500 0.937500 0.937500 0.937500 0.937500 0.937500 0.0 0.0 0.0 0.0 0.0 0.0 0.0 0.0 0.0 0.0 1.0 1.0 1.0 1.0 0.0 0.0 0.0 1.0 1.0 1.0 1.0 0.0 0.0 0.0 -1.0 1.0 1.0 1.0 0.0 0.0 0.0 0.0 0.0 0.0 0.0 0.0 0.0 0.0 0.0 0.0 0.0 0.0 0.0 0.0 0.0 0.0 0.0 0.0 0.0 
0.937500 0.937500 0.937500 0.937500 0.937500 0.937500 0.937500 0.937500 0.968750 0.984375 0.937500 0.937500 0.937500 0.937500 0.968750 0.984375 1.0 0.937500 0.937500 0.937500 0.937500 0.937500 0.968750 0.984375 0.937500 0.937500 0.937500 0.937500 0.937500 0.937500 0.937500 0.937500 0.937500 0.937500 0.937500 0.937500 0.937500 0.937500 0.937500 0.937500 0.937500 0.937500 0.937500 0.937500 0.937500 0.937500 0.937500 0.937500 0.937500 0.0 0.0 0.0 0.0 0.0 0.0 0.0 1.0 1.0 1.0 0.0 0.0 0.0 0.0 1.0 1.0 1.0 0.0 0.0 0.0 0.0 1.0 1.0 1.0 1.0 0.0 0.0 0.0 0.0 0.0 0.0 0.0 0.0 0.0 0.0 0.0 0.0 0.0 0.0 0.0 0.0 0.0 0.0 0.0 0.0 0.0 0.0 0.0 0.0 
0.937500 0.937500 0.937500 0.937500 0.937500 0.937500 0.937500 0.937500 0.937500 0.937500 0.937500 0.937500 0.937500 0.937500 0.937500 0.937500 0.937500 0.937500 0.937500 0.937500 0.937500 0.937500 0.968750 0.984375 0.937500 0.937500 0.937500 0.937500 0.968750 0.984375 1.0 0.937500 0.937500 0.937500 0.937500 0.937500 0.968750 0.984375 1.0 0.937500 0.937500 0.937500 0.937500 0.937500 0.937500 0.937500 0.937500 0.937500 0.937500 0.0 0.0 0.0 0.0 0.0 0.0 0.0 0.0 0.0 0.0 0.0 0.0 0.0 0.0 0.0 0.0 0.0 0.0 0.0 0.0 0.0 1.0 1.0 1.0 1.0 0.0 0.0 0.0 1.0 1.0 1.0 0.0 0.0 0.0 0.0 1.0 1.0 1.0 1.0 0.0 0.0 0.0 0.0 0.0 0.0 0.0 0.0 0.0 0.0 
0.937500 0.937500 0.937500 0.937500 0.937500 0.937500 0.937500 0.937500 0.937500 0.937500 0.937500 0.937500 0.937500 0.937500 0.937500 0.937500 0.937500 0.937500 0.937500 0.937500 0.937500 0.937500 0.937500 0.937500 0.937500 0.937500 0.937500 0.968750 0.937500 0.937500 0.937500 0.937500 0.968750 0.968750 0.984375 0.937500 0.937500 0.937500 1.0 0.937500 0.937500 0.968750 0.937500 0.937500 0.937500 0.937500 0.937500 0.937500 0.937500 0.0 0.0 0.0 0.0 0.0 0.0 0.0 0.0 0.0 0.0 0.0 0.0 0.0 0.0 0.0 0.0 0.0 0.0 0.0 0.0 0.0 0.0 0.0 0.0 -1.0 1.0 1.0 1.0 0.0 0.0 0.0 1.0 1.0 1.0 1.0 0.0 0.0 0.0 -1.0 1.0 1.0 1.0 0.0 0.0 0.0 0.0 0.0 0.0 0.0 
0.937500 0.937500 0.937500 0.937500 0.937500 0.937500 0.937500 0.937500 0.937500 0.937500 0.937500 0.937500 0.937500 0.937500 0.937500 0.937500 0.937500 1.0 0.937500 0.937500 0.968750 0.937500 0.937500 0.937500 0.937500 0.968750 0.968750 0.984375 0.937500 0.937500 0.937500 1.0 0.937500 0.937500 0.968750 0.937500 0.937500 0.937500 0.937500 0.937500 0.937500 0.937500 0.937500 0.937500 0.937500 0.937500 0.937500 0.937500 0.937500 0.0 0.0 0.0 0.0 0.0 0.0 0.0 0.0 0.0 0.0 0.0 0.0 0.0 0.0 0.0 0.0 0.0 -1.0 1.0 1.0 1.0 0.0 0.0 0.0 -1.0 1.0 1.0 1.0 0.0 0.0 0.0 -1.0 1.0 1.0 1.0 0.0 0.0 0.0 0.0 0.0 0.0 0.0 0.0 0.0 0.0 0.0 0.0 0.0 0.0 
0.937500 0.937500 0.937500 0.937500 0.937500 0.937500 0.937500 0.937500 0.937500 0.937500 0.937500 0.937500 0.937500 0.937500 0.937500 0.968750 0.984375 1.0 0.937500 0.937500 0.937500 0.968750 0.984375 1.0 0.937500 0.937500 0.937500 0.937500 0.937500 0.968750 0.984375 1.0 0.937500 0.937500 0.937500 0.937500 0.937500 0.937500 0.937500 0.937500 0.937500 0.937500 0.937500 0.937500 0.937500 0.937500 0.937500 0.937500 0.937500 0.0 0.0 0.0 0.0 0.0 0.0 0.0 0.0 0.0 0.0 0.0 0.0 0.0 0.0 1.0 1.0 1.0 1.0 0.0 0.0 0.0 1.0 1.0 1.0 1.0 0.0 0.0 0.0 1.0 1.0 1.0 1.0 0.0 0.0 0.0 0.0 0.0 0.0 0.0 0.0 0.0 0.0 0.0 0.0 0.0 0.0 0.0 0.0 0.0 
0.937500 0.937500 0.937500 0.937500 0.937500 0.937500 0.937500 0.937500 0.937500 0.937500 0.937500 0.937500 0.937500 0.937500 0.937500 1.0 0.937500 0.937500 0.968750 0.984375 1.0 0.937500 1.0 0.968750 0.968750 0.984375 1.0 1.0 0.937500 1.0 0.937500 0.937500 0.968750 0.984375 1.0 0.937500 0.937500 0.937500 0.937500 0.937500 0.937500 0.937500 0.937500 0.937500 0.937500 0.937500 0.937500 0.937500 0.937500 0.0 0.0 0.0 0.0 0.0 0.0 0.0 0.0 0.0 0.0 0.0 0.0 0.0 0.0 0.0 -1.0 1.0 1.0 1.0 1.0 1.0 0.0 -1.0 1.0 -1.0 1.0 1.0 1.0 0.0 -1.0 1.0 1.0 1.0 1.0 1.0 0.0 0.0 0.0 0.0 0.0 0.0 0.0 0.0 0.0 0.0 0.0 0.0 0.0 0.0 
0.921875 0.921875 0.921875 0.921875 0.921875 0.921875 0.921875 0.921875 0.921875 0.921875 0.921875 0.921875 0.921875 0.921875 0.921875 0.921875 0.984375 0.921875 0.921875 0.953125 0.968750 0.921875 0.921875 0.984375 0.953125 0.984375 0.968750 0.984375 0.921875 0.921875 0.984375 0.921875 0.921875 0.953125 0.968750 0.921875 0.921875 0.921875 0.921875 0.921875 0.921875 0.921875 0.921875 0.921875 0.921875 0.921875 0.921875 0.921875 0.921875 0.0 0.0 0.0 0.0 0.0 0.0 0.0 0.0 0.0 0.0 0.0 0.0 0.0 0.0 0.0 0.0 -1.0 1.0 1.0 1.0 1.0 0.0 0.0 -1.0 -1.0 -1.0 1.0 1.0 0.0 0.0 -1.0 1.0 1.0 1.0 1.0 0.0 0.0 0.0 0.0 0.0 0.0 0.0 0.0 0.0 0.0 0.0 0.0 0.0 0.0 
0.921875 0.921875 0.921875 0.921875 0.921875 0.921875 0.921875 0.921875 0.921875 0.921875 0.921875 0.921875 0.921875 0.921875 0.953125 0.968750 0.984375 0.921875 0.921875 0.921875 0.921875 0.968750 0.984375 0.984375 0.921875 0.921875 0.921875 0.921875 0.953125 0.968750 0.984375 0.921875 0.921875 0.921875 0.921875 0.921875 0.921875 0.921875 0.921875 0.921875 0.921875 0.921875 0.921875 0.921875 0.921875 0.921875 0.921875 0.921875 0.921875 0.0 0.0 0.0 0.0 0.0 0.0 0.0 0.0 0.0 0.0 0.0 0.0 0.0 0.0 1.0 1.0 1.0 0.0 0.0 0.0 0.0 1.0 1.0 1.0 1.0 0.0 0.0 0.0 1.0 1.0 1.0 0.0 0.0 0.0 0.0 0.0 0.0 0.0 0.0 0.0 0.0 0.0 0.0 0.0 0.0 0.0 0.0 0.0 0.0 
0.921875 0.921875 0.921875 0.921875 0.921875 0.921875 0.921875 0.921875 0.921875 0.921875 0.921875 0.921875 0.921875 0.921875 0.984375 0.921875 0.921875 0.953125 0.968750 0.984375 0.921875 0.984375 1.0 0.984375 0.968750 0.984375 0.984375 1.0 0.984375 0.921875 0.921875 0.953125 0.968750 0.984375 0.921875 0.921875 0.921875 0.921875 0.921875 0.921875 0.921875 0.921875 0.921875 0.921875 0.921875 0.921875 0.921875 0.921875 0.921875 0.0 0.0 0.0 0.0 0.0 0.0 0.0 0.0 0.0 0.0 0.0 0.0 0.0 0.0 -1.0 1.0 1.0 1.0 1.0 1.0 0.0 -1.0 -1.0 -1.0 -1.0 1.0 1.0 1.0 -1.0 1.0 1.0 1.0 1.0 1.0 0.0 0.0 0.0 0.0 0.0 0.0 0.0 0.0 0.0 0.0 0.0 0.0 0.0 0.0 0.0 
0.921875 0.921875 0.921875 0.921875 0.921875 0.921875 0.921875 0.921875 0.921875 0.984375 0.921875 0.921875 0.953125 0.968750 0.921875 0.921875 0.984375 1.0 0.984375 1.0 0.984375 0.921875 0.921875 0.984375 0.921875 0.921875 0.953125 0.968750 0.921875 0.921875 0.921875 0.921875 0.921875 0.921875 0.921875 0.921875 0.921875 0.921875 0.921875 0.921875 0.921875 0.921875 0.921875 0.921875 0.921875 0.921875 0.921875 0.921875 0.921875 0.0 0.0 0.0 0.0 0.0 0.0 0.0 0.0 0.0 -1.0 1.0 1.0 1.0 1.0 0.0 0.0 -1.0 -1.0 -1.0 -1.0 1.0 0.0 0.0 -1.0 -1.0 1.0 1.0 1.0 0.0 0.0 0.0 0.0 0.0 0.0 0.0 0.0 0.0 0.0 0.0 0.0 0.0 0.0 0.0 0.0 0.0 0.0 0.0 0.0 0.0 
0.921875 0.921875 0.921875 0.921875 0.921875 0.921875 0.921875 0.921875 0.921875 0.921875 0.921875 0.921875 0.921875 0.921875 0.921875 0.953125 0.968750 0.984375 0.921875 0.921875 0.921875 0.984375 1.0 0.984375 0.984375 1.0 0.921875 0.921875 0.921875 0.953125 0.968750 0.984375 0.921875 0.921875 0.921875 0.921875 0.921875 0.921875 0.921875 0.921875 0.921875 0.921875 0.921875 0.921875 0.921875 0.921875 0.921875 0.921875 0.921875 0.0 0.0 0.0 0.0 0.0 0.0 0.0 0.0 0.0 0.0 0.0 0.0 0.0 0.0 1.0 1.0 1.0 1.0 0.0 0.0 0.0 -1.0 -1.0 1.0 1.0 1.0 0.0 0.0 1.0 1.0 1.0 1.0 0.0 0.0 0.0 0.0 0.0 0.0 0.0 0.0 0.0 0.0 0.0 0.0 0.0 0.0 0.0 0.0 0.0 
0.921875 0.921875 0.921875 0.921875 0.921875 0.921875 0.921875 0.921875 0.921875 0.921875 0.921875 0.921875 0.921875 0.921875 0.921875 0.921875 0.921875 0.921875 0.921875 0.921875 0.921875 0.921875 0.921875 0.984375 0.921875 0.921875 0.953125 0.968750 0.921875 0.921875 0.984375 1.0 0.984375 1.0 0.984375 0.921875 0.921875 0.984375 1.0 0.921875 0.953125 0.968750 0.921875 0.921875 0.921875 0.921875 0.921875 0.921875 0.921875 0.0 0.0 0.0 0.0 0.0 0.0 0.0 0.0 0.0 0.0 0.0 0.0 0.0 0.0 0.0 0.0 0.0 0.0 0.0 0.0 0.0 0.0 0.0 -1.0 -1.0 1.0 1.0 1.0 0.0 0.0 -1.0 -1.0 -1.0 -1.0 1.0 0.0 0.0 -1.0 -1.0 1.0 1.0 1.0 0.0 0.0 0.0 0.0 0.0 0.0 0.0 
0.921875 0.921875 0.921875 0.921875 0.921875 0.921875 0.921875 0.953125 0.968750 0.984375 0.921875 0.921875 0.921875 0.921875 1.0 0.984375 1.0 1.0 0.921875 0.921875 0.921875 0.953125 0.968750 0.984375 0.921875 0.921875 0.921875 0.921875 0.921875 0.921875 0.921875 0.921875 0.921875 0.921875 0.921875 0.921875 0.921875 0.921875 0.921875 0.921875 0.921875 0.921875 0.921875 0.921875 0.921875 0.921875 0.921875 0.921875 0.921875 0.0 0.0 0.0 0.0 0.0 0.0 0.0 1.0 1.0 1.0 0.0 0.0 0.0 0.0 -1.0 1.0 1.0 1.0 0.0 0.0 0.0 1.0 1.0 1.0 1.0 0.0 0.0 0.0 0.0 0.0 0.0 0.0 0.0 0.0 0.0 0.0 0.0 0.0 0.0 0.0 0.0 0.0 0.0 0.0 0.0 0.0 0.0 0.0 0.0 
0.921875 0.921875 0.921875 0.921875 0.921875 0.921875 0.921875 0.921875 0.921875 0.921875 0.921875 0.921875 0.921875 0.921875 0.921875 0.921875 0.921875 0.921875 0.921875 0.921875 0.921875 0.953125 0.968750 0.984375 0.921875 0.921875 0.921875 0.921875 1.0 0.984375 1.0 1.0 0.921875 0.921875 0.921875 0.953125 0.968750 0.984375 1.0 0.921875 0.921875 0.921875 0.921875 0.921875 0.921875 0.921875 0.921875 0.921875 0.921875 0.0 0.0 0.0 0.0 0.0 0.0 0.0 0.0 0.0 0.0 0.0 0.0 0.0 0.0 0.0 0.0 0.0 0.0 0.0 0.0 0.0 1.0 1.0 1.0 1.0 0.0 0.0 0.0 -1.0 1.0 1.0 1.0 0.0 0.0 0.0 1.0 1.0 1.0 1.0 0.0 0.0 0.0 0.0 0.0 0.0 0.0 0.0 0.0 0.0 
0.906250 0.906250 0.906250 0.906250 0.906250 0.906250 0.906250 0.906250 0.906250 0.906250 0.906250 0.906250 0.906250 0.906250 0.906250 0.906250 0.906250 0.906250 0.906250 0.906250 0.906250 0.953125 0.968750 0.984375 0.906250 0.906250 0.906250 0.906250 0.968750 0.984375 0.984375 0.906250 0.906250 0.906250 0.906250 0.953125 0.968750 0.984375 0.906250 0.906250 0.906250 0.906250 0.906250 0.906250 0.906250 0.906250 0.906250 0.906250 0.906250 0.0 0.0 0.0 0.0 0.0 0.0 0.0 0.0 0.0 0.0 0.0 0.0 0.0 0.0 0.0 0.0 0.0 0.0 0.0 0.0 0.0 1.0 1.0 1.0 1.0 0.0 0.0 0.0 1.0 1.0 1.0 0.0 0.0 0.0 0.0 1.0 1.0 1.0 0.0 0.0 0.0 0.0 0.0 0.0 0.0 0.0 0.0 0.0 0.0 
0.906250 0.906250 0.906250 0.906250 0.906250 0.906250 0.906250 0.906250 0.906250 0.906250 0.906250 0.906250 0.906250 0.906250 0.984375 0.906250 0.937500 0.953125 0.968750 0.984375 1.0 0.984375 0.968750 0.984375 0.968750 0.984375 0.984375 0.906250 0.984375 0.906250 0.937500 0.953125 0.968750 0.984375 0.906250 0.906250 0.906250 0.906250 0.906250 0.906250 0.906250 0.906250 0.906250 0.906250 0.906250 0.906250 0.906250 0.906250 0.906250 0.0 0.0 0.0 0.0 0.0 0.0 0.0 0.0 0.0 0.0 0.0 0.0 0.0 0.0 -1.0 1.0 1.0 1.0 1.0 1.0 1.0 -1.0 -1.0 -1.0 -1.0 1.0 1.0 0.0 -1.0 1.0 1.0 1.0 1.0 1.0 0.0 0.0 0.0 0.0 0.0 0.0 0.0 0.0 0.0 0.0 0.0 0.0 0.0 0.0 0.0 
0.906250 0.906250 0.906250 0.906250 0.906250 0.906250 0.906250 0.906250 0.968750 0.984375 0.906250 0.937500 0.953125 0.968750 0.906250 0.968750 0.984375 0.968750 0.984375 1.0 0.984375 0.906250 0.968750 0.984375 0.906250 0.937500 0.953125 0.968750 0.906250 0.906250 0.906250 0.906250 0.906250 0.906250 0.906250 0.906250 0.906250 0.906250 0.906250 0.906250 0.906250 0.906250 0.906250 0.906250 0.906250 0.906250 0.906250 0.906250 0.906250 0.0 0.0 0.0 0.0 0.0 0.0 0.0 0.0 -1.0 -1.0 1.0 1.0 1.0 1.0 0.0 -1.0 -1.0 -1.0 -1.0 -1.0 1.0 0.0 -1.0 -1.0 -1.0 1.0 1.0 1.0 0.0 0.0 0.0 0.0 0.0 0.0 0.0 0.0 0.0 0.0 0.0 0.0 0.0 0.0 0.0 0.0 0.0 0.0 0.0 0.0 0.0 
0.906250 0.906250 0.906250 0.906250 0.906250 0.906250 0.906250 0.906250 0.906250 0.906250 0.906250 0.906250 0.906250 0.906250 0.953125 0.968750 0.984375 1.0 0.906250 0.906250 0.906250 1.0 0.984375 0.984375 0.906250 0.906250 0.906250 0.906250 0.953125 0.968750 0.984375 0.906250 0.906250 0.906250 0.906250 0.906250 0.906250 0.906250 0.906250 0.906250 0.906250 0.906250 0.906250 0.906250 0.906250 0.906250 0.906250 0.906250 0.906250 0.0 0.0 0.0 0.0 0.0 0.0 0.0 0.0 0.0 0.0 0.0 0.0 0.0 0.0 1.0 1.0 1.0 1.0 0.0 0.0 0.0 -1.0 1.0 1.0 1.0 0.0 0.0 0.0 1.0 1.0 1.0 0.0 0.0 0.0 0.0 0.0 0.0 0.0 0.0 0.0 0.0 0.0 0.0 0.0 0.0 0.0 0.0 0.0 0.0 
0.906250 0.906250 0.906250 0.906250 0.906250 0.906250 0.906250 0.906250 0.906250 0.906250 0.906250 0.906250 0.906250 0.906250 0.906250 0.968750 0.984375 0.906250 0.937500 0.953125 0.968750 0.906250 0.968750 0.984375 0.968750 0.984375 1.0 0.984375 0.906250 0.968750 0.984375 1.0 0.937500 0.953125 0.968750 0.906250 0.906250 0.906250 0.906250 0.906250 0.906250 0.906250 0.906250 0.906250 0.906250 0.906250 0.906250 0.906250 0.906250 0.0 0.0 0.0 0.0 0.0 0.0 0.0 0.0 0.0 0.0 0.0 0.0 0.0 0.0 0.0 -1.0 -1.0 1.0 1.0 1.0 1.0 0.0 -1.0 -1.0 -1.0 -1.0 -1.0 1.0 0.0 -1.0 -1.0 -1.0 1.0 1.0 1.0 0.0 0.0 0.0 0.0 0.0 0.0 0.0 0.0 0.0 0.0 0.0 0.0 0.0 0.0 
0.906250 0.906250 0.906250 0.906250 0.906250 0.906250 0.906250 0.906250 0.906250 0.906250 0.906250 0.906250 0.906250 0.906250 0.937500 0.953125 0.968750 0.984375 1.0 0.906250 0.906250 0.984375 1.0 0.984375 0.984375 1.0 0.906250 0.906250 0.937500 0.953125 0.968750 0.984375 0.906250 0.906250 0.906250 0.906250 0.906250 0.906250 0.906250 0.906250 0.906250 0.906250 0.906250 0.906250 0.906250 0.906250 0.906250 0.906250 0.906250 0.0 0.0 0.0 0.0 0.0 0.0 0.0 0.0 0.0 0.0 0.0 0.0 0.0 0.0 1.0 1.0 1.0 1.0 1.0 0.0 0.0 -1.0 -1.0 1.0 1.0 1.0 0.0 0.0 1.0 1.0 1.0 1.0 0.0 0.0 0.0 0.0 0.0 0.0 0.0 0.0 0.0 0.0 0.0 0.0 0.0 0.0 0.0 0.0 0.0 
0.906250 0.906250 0.906250 0.906250 0.906250 0.906250 0.906250 0.953125 0.968750 0.984375 1.0 0.906250 0.906250 0.906250 1.0 0.984375 1.0 1.0 0.906250 0.906250 0.906250 0.953125 0.968750 0.984375 0.906250 0.906250 0.906250 0.906250 0.906250 0.906250 0.906250 0.906250 0.906250 0.906250 0.906250 0.906250 0.906250 0.906250 0.906250 0.906250 0.906250 0.906250 0.906250 0.906250 0.906250 0.906250 0.906250 0.906250 0.906250 0.0 0.0 0.0 0.0 0.0 0.0 0.0 1.0 1.0 1.0 1.0 0.0 0.0 0.0 -1.0 1.0 1.0 1.0 0.0 0.0 0.0 1.0 1.0 1.0 1.0 0.0 0.0 0.0 0.0 0.0 0.0 0.0 0.0 0.0 0.0 0.0 0.0 0.0 0.0 0.0 0.0 0.0 0.0 0.0 0.0 0.0 0.0 0.0 0.0 
0.906250 0.906250 0.906250 0.906250 0.906250 0.906250 0.906250 0.906250 0.906250 0.906250 0.906250 0.906250 0.906250 0.906250 0.906250 0.906250 0.906250 0.906250 0.906250 0.906250 0.906250 0.906250 0.968750 0.984375 0.906250 0.937500 0.953125 0.968750 0.906250 0.968750 0.984375 1.0 0.984375 1.0 0.984375 0.906250 0.968750 0.984375 1.0 0.937500 0.953125 0.968750 0.906250 0.906250 0.906250 0.906250 0.906250 0.906250 0.906250 0.0 0.0 0.0 0.0 0.0 0.0 0.0 0.0 0.0 0.0 0.0 0.0 0.0 0.0 0.0 0.0 0.0 0.0 0.0 0.0 0.0 0.0 -1.0 -1.0 -1.0 1.0 1.0 1.0 0.0 -1.0 -1.0 -1.0 -1.0 -1.0 1.0 0.0 -1.0 -1.0 -1.0 1.0 1.0 1.0 0.0 0.0 0.0 0.0 0.0 0.0 0.0 
0.890625 0.890625 0.890625 0.890625 0.890625 0.890625 0.890625 0.890625 0.890625 0.890625 0.890625 0.890625 0.890625 0.890625 0.937500 0.953125 0.968750 0.984375 0.890625 0.890625 0.890625 0.984375 0.968750 0.984375 0.984375 0.890625 0.890625 0.890625 0.937500 0.953125 0.968750 0.984375 0.890625 0.890625 0.890625 0.890625 0.890625 0.890625 0.890625 0.890625 0.890625 0.890625 0.890625 0.890625 0.890625 0.890625 0.890625 0.890625 0.890625 0.0 0.0 0.0 0.0 0.0 0.0 0.0 0.0 0.0 0.0 0.0 0.0 0.0 0.0 1.0 1.0 1.0 1.0 0.0 0.0 0.0 -1.0 1.0 1.0 1.0 0.0 0.0 0.0 1.0 1.0 1.0 1.0 0.0 0.0 0.0 0.0 0.0 0.0 0.0 0.0 0.0 0.0 0.0 0.0 0.0 0.0 0.0 0.0 0.0 
0.890625 0.890625 0.890625 0.890625 0.890625 0.890625 0.890625 0.890625 0.890625 0.890625 0.890625 0.890625 0.890625 0.890625 0.890625 0.890625 0.890625 0.890625 0.890625 0.890625 0.890625 0.953125 0.968750 0.984375 0.921875 0.937500 0.953125 0.968750 0.953125 0.968750 0.984375 0.968750 0.984375 0.968750 0.984375 0.953125 0.968750 0.984375 0.921875 0.937500 0.953125 0.968750 0.890625 0.890625 0.890625 0.890625 0.890625 0.890625 0.890625 0.0 0.0 0.0 0.0 0.0 0.0 0.0 0.0 0.0 0.0 0.0 0.0 0.0 0.0 0.0 0.0 0.0 0.0 0.0 0.0 0.0 -1.0 -1.0 -1.0 -1.0 1.0 1.0 1.0 -1.0 -1.0 -1.0 -1.0 -1.0 1.0 1.0 -1.0 -1.0 -1.0 1.0 1.0 1.0 1.0 0.0 0.0 0.0 0.0 0.0 0.0 0.0 
0.890625 0.890625 0.890625 0.890625 0.890625 0.890625 0.890625 0.953125 0.968750 0.984375 0.890625 0.890625 0.890625 0.890625 0.968750 0.984375 1.0 0.890625 0.890625 0.890625 0.890625 0.953125 0.968750 0.984375 0.890625 0.890625 0.890625 0.890625 0.890625 0.890625 0.890625 0.890625 0.890625 0.890625 0.890625 0.890625 0.890625 0.890625 0.890625 0.890625 0.890625 0.890625 0.890625 0.890625 0.890625 0.890625 0.890625 0.890625 0.890625 0.0 0.0 0.0 0.0 0.0 0.0 0.0 1.0 1.0 1.0 0.0 0.0 0.0 0.0 1.0 1.0 1.0 0.0 0.0 0.0 0.0 1.0 1.0 1.0 1.0 0.0 0.0 0.0 0.0 0.0 0.0 0.0 0.0 0.0 0.0 0.0 0.0 0.0 0.0 0.0 0.0 0.0 0.0 0.0 0.0 0.0 0.0 0.0 0.0 
0.890625 0.890625 0.890625 0.890625 0.890625 0.890625 0.890625 0.890625 0.890625 0.890625 0.890625 0.890625 0.890625 0.890625 0.984375 1.0 0.937500 0.953125 0.968750 0.984375 0.890625 0.984375 0.968750 0.984375 0.968750 0.984375 1.0 0.890625 0.984375 0.921875 0.937500 0.953125 0.968750 0.984375 1.0 0.890625 0.890625 0.890625 0.890625 0.890625 0.890625 0.890625 0.890625 0.890625 0.890625 0.890625 0.890625 0.890625 0.890625 0.0 0.0 0.0 0.0 0.0 0.0 0.0 0.0 0.0 0.0 0.0 0.0 0.0 0.0 -1.0 -1.0 1.0 1.0 1.0 1.0 0.0 -1.0 -1.0 -1.0 -1.0 1.0 1.0 0.0 -1.0 1.0 1.0 1.0 1.0 1.0 1.0 0.0 0.0 0.0 0.0 0.0 0.0 0.0 0.0 0.0 0.0 0.0 0.0 0.0 0.0 
0.890625 0.890625 0.890625 0.890625 0.890625 0.890625 0.890625 0.890625 0.890625 0.890625 0.890625 0.890625 0.890625 0.890625 0.890625 0.890625 0.890625 0.890625 0.890625 0.890625 0.890625 0.890625 0.890625 0.890625 0.890625 0.890625 0.890625 0.890625 0.937500 0.953125 0.968750 0.984375 0.890625 0.890625 0.890625 0.984375 1.0 0.984375 1.0 0.890625 0.890625 0.890625 0.937500 0.953125 0.968750 0.984375 1.0 0.890625 0.890625 0.0 0.0 0.0 0.0 0.0 0.0 0.0 0.0 0.0 0.0 0.0 0.0 0.0 0.0 0.0 0.0 0.0 0.0 0.0 0.0 0.0 0.0 0.0 0.0 1.0 0.0 0.0 0.0 1.0 1.0 1.0 1.0 0.0 0.0 0.0 -1.0 -1.0 1.0 1.0 0.0 0.0 0.0 1.0 1.0 1.0 1.0 1.0 0.0 0.0 
0.890625 0.890625 0.890625 0.890625 0.890625 0.890625 0.890625 0.953125 0.968750 0.984375 1.0 0.937500 0.953125 0.968750 0.953125 0.968750 0.984375 0.968750 0.984375 1.0 0.984375 0.953125 0.968750 0.984375 0.921875 0.937500 0.953125 0.968750 0.890625 0.890625 0.890625 0.890625 0.890625 0.890625 0.890625 0.890625 0.890625 0.890625 0.890625 0.890625 0.890625 0.890625 0.890625 0.890625 0.890625 0.890625 0.890625 0.890625 0.890625 0.0 0.0 0.0 0.0 0.0 0.0 0.0 -1.0 -1.0 -1.0 -1.0 1.0 1.0 1.0 -1.0 -1.0 -1.0 -1.0 -1.0 -1.0 1.0 -1.0 -1.0 -1.0 -1.0 1.0 1.0 1.0 0.0 0.0 0.0 0.0 0.0 0.0 0.0 0.0 0.0 0.0 0.0 0.0 0.0 0.0 0.0 0.0 0.0 0.0 0.0 0.0 0.0 
0.890625 0.890625 0.890625 0.890625 0.890625 0.890625 0.890625 0.890625 0.890625 0.890625 0.890625 0.890625 0.890625 0.890625 0.953125 0.968750 0.984375 1.0 0.937500 0.953125 0.968750 0.953125 0.968750 0.984375 0.968750 0.984375 1.0 0.984375 0.953125 0.968750 0.984375 1.0 0.937500 0.953125 0.968750 0.890625 0.890625 0.890625 0.890625 0.890625 0.890625 0.890625 0.890625 0.890625 0.890625 0.890625 0.890625 0.890625 0.890625 0.0 0.0 0.0 0.0 0.0 0.0 0.0 0.0 0.0 0.0 0.0 0.0 0.0 0.0 -1.0 -1.0 -1.0 -1.0 1.0 1.0 1.0 -1.0 -1.0 -1.0 -1.0 -1.0 -1.0 1.0 -1.0 -1.0 -1.0 -1.0 1.0 1.0 1.0 0.0 0.0 0.0 0.0 0.0 0.0 0.0 0.0 0.0 0.0 0.0 0.0 0.0 0.0 
0.890625 0.890625 0.890625 0.890625 0.890625 0.890625 0.890625 0.890625 0.890625 1.0 0.890625 0.890625 0.890625 0.890625 0.953125 0.968750 0.984375 0.890625 0.890625 0.890625 0.890625 1.0 0.984375 1.0 0.890625 0.890625 0.890625 0.890625 0.953125 0.968750 0.984375 1.0 0.890625 0.890625 0.890625 0.890625 0.890625 0.890625 0.890625 0.890625 0.890625 0.890625 0.890625 0.890625 0.890625 0.890625 0.890625 0.890625 0.890625 0.0 0.0 0.0 0.0 0.0 0.0 0.0 0.0 0.0 1.0 0.0 0.0 0.0 0.0 1.0 1.0 1.0 0.0 0.0 0.0 0.0 -1.0 1.0 1.0 1.0 0.0 0.0 0.0 1.0 1.0 1.0 1.0 0.0 0.0 0.0 0.0 0.0 0.0 0.0 0.0 0.0 0.0 0.0 0.0 0.0 0.0 0.0 0.0 0.0 
0.890625 0.890625 0.890625 0.890625 0.890625 0.890625 0.890625 0.890625 0.890625 0.890625 0.890625 0.890625 0.890625 0.890625 0.890625 0.890625 1.0 0.890625 0.890625 0.890625 0.890625 0.953125 0.968750 0.984375 0.890625 0.890625 0.890625 0.890625 1.0 0.984375 1.0 1.0 0.890625 0.890625 0.890625 0.953125 0.968750 0.984375 1.0 0.890625 0.890625 0.890625 0.890625 0.890625 0.890625 0.890625 0.890625 0.890625 0.890625 0.0 0.0 0.0 0.0 0.0 0.0 0.0 0.0 0.0 0.0 0.0 0.0 0.0 0.0 0.0 0.0 1.0 0.0 0.0 0.0 0.0 1.0 1.0 1.0 1.0 0.0 0.0 0.0 -1.0 1.0 1.0 1.0 0.0 0.0 0.0 1.0 1.0 1.0 1.0 0.0 0.0 0.0 0.0 0.0 0.0 0.0 0.0 0.0 0.0 
0.875000 0.875000 0.875000 0.875000 0.875000 0.875000 0.875000 0.875000 0.984375 0.875000 0.875000 0.875000 0.875000 0.875000 0.953125 0.968750 0.984375 0.875000 0.875000 0.875000 0.875000 0.968750 0.984375 0.984375 0.875000 0.875000 0.875000 0.875000 0.953125 0.968750 0.984375 0.875000 0.875000 0.875000 0.875000 0.875000 0.875000 0.875000 0.875000 0.875000 0.875000 0.875000 0.875000 0.875000 0.875000 0.875000 0.875000 0.875000 0.875000 0.0 0.0 0.0 0.0 0.0 0.0 0.0 0.0 1.0 0.0 0.0 0.0 0.0 0.0 1.0 1.0 1.0 0.0 0.0 0.0 0.0 1.0 1.0 1.0 1.0 0.0 0.0 0.0 1.0 1.0 1.0 0.0 0.0 0.0 0.0 0.0 0.0 0.0 0.0 0.0 0.0 0.0 0.0 0.0 0.0 0.0 0.0 0.0 0.0 
0.875000 0.875000 0.875000 0.875000 0.875000 0.875000 0.875000 0.875000 0.875000 0.875000 0.875000 0.984375 0.875000 0.875000 0.984375 0.921875 0.937500 0.953125 0.968750 0.984375 0.875000 0.984375 0.968750 0.984375 0.968750 0.984375 0.984375 1.0 0.984375 0.921875 0.937500 0.953125 0.968750 0.984375 0.875000 0.875000 0.875000 0.875000 0.875000 0.875000 0.875000 0.875000 0.875000 0.875000 0.875000 0.875000 0.875000 0.875000 0.875000 0.0 0.0 0.0 0.0 0.0 0.0 0.0 0.0 0.0 0.0 0.0 1.0 0.0 0.0 -1.0 1.0 1.0 1.0 1.0 1.0 0.0 -1.0 -1.0 -1.0 -1.0 1.0 1.0 1.0 -1.0 1.0 1.0 1.0 1.0 1.0 0.0 0.0 0.0 0.0 0.0 0.0 0.0 0.0 0.0 0.0 0.0 0.0 0.0 0.0 0.0 
0.875000 0.875000 0.875000 0.875000 0.875000 0.875000 0.875000 0.875000 0.875000 0.875000 0.875000 0.875000 0.875000 0.984375 0.953125 0.968750 0.984375 0.921875 0.937500 0.953125 0.968750 0.953125 0.968750 0.984375 0.968750 0.984375 1.0 0.984375 0.953125 0.968750 0.984375 0.921875 0.937500 0.953125 0.968750 0.875000 0.875000 0.875000 0.875000 0.875000 0.875000 0.875000 0.875000 0.875000 0.875000 0.875000 0.875000 0.875000 0.875000 0.0 0.0 0.0 0.0 0.0 0.0 0.0 0.0 0.0 0.0 0.0 0.0 0.0 1.0 -1.0 -1.0 -1.0 1.0 1.0 1.0 1.0 -1.0 -1.0 -1.0 -1.0 -1.0 -1.0 1.0 -1.0 -1.0 -1.0 1.0 1.0 1.0 1.0 0.0 0.0 0.0 0.0 0.0 0.0 0.0 0.0 0.0 0.0 0.0 0.0 0.0 0.0 
0.875000 0.984375 0.875000 0.875000 0.875000 0.875000 0.875000 0.953125 0.968750 0.984375 0.875000 0.875000 0.875000 0.875000 1.0 0.984375 0.984375 1.0 0.875000 0.875000 0.875000 0.953125 0.968750 0.984375 0.875000 0.875000 0.875000 0.875000 0.875000 0.875000 0.875000 0.875000 0.875000 0.875000 0.875000 0.875000 0.875000 0.875000 0.875000 0.875000 0.875000 0.875000 0.875000 0.875000 0.875000 0.875000 0.875000 0.875000 0.875000 0.0 1.0 0.0 0.0 0.0 0.0 0.0 1.0 1.0 1.0 0.0 0.0 0.0 0.0 -1.0 1.0 1.0 1.0 0.0 0.0 0.0 1.0 1.0 1.0 1.0 0.0 0.0 0.0 0.0 0.0 0.0 0.0 0.0 0.0 0.0 0.0 0.0 0.0 0.0 0.0 0.0 0.0 0.0 0.0 0.0 0.0 0.0 0.0 0.0 
0.875000 0.875000 0.875000 0.875000 0.875000 0.875000 0.875000 0.875000 0.875000 0.875000 0.875000 0.875000 0.875000 0.875000 0.875000 0.984375 0.875000 0.875000 0.875000 0.875000 0.875000 0.953125 0.968750 0.984375 0.875000 0.875000 0.875000 0.875000 1.0 0.984375 0.984375 1.0 0.875000 0.875000 0.875000 0.953125 0.968750 0.984375 1.0 0.875000 0.875000 0.875000 0.875000 0.875000 0.875000 0.875000 0.875000 0.875000 0.875000 0.0 0.0 0.0 0.0 0.0 0.0 0.0 0.0 0.0 0.0 0.0 0.0 0.0 0.0 0.0 1.0 0.0 0.0 0.0 0.0 0.0 1.0 1.0 1.0 1.0 0.0 0.0 0.0 -1.0 1.0 1.0 1.0 0.0 0.0 0.0 1.0 1.0 1.0 1.0 0.0 0.0 0.0 0.0 0.0 0.0 0.0 0.0 0.0 0.0 
0.875000 0.875000 0.875000 0.875000 0.875000 0.875000 0.875000 0.875000 0.875000 0.875000 0.875000 0.875000 0.875000 0.875000 0.875000 0.875000 0.875000 0.875000 0.875000 0.875000 0.875000 0.875000 0.875000 0.984375 0.875000 0.875000 0.875000 0.875000 0.937500 0.953125 0.968750 0.984375 1.0 0.875000 0.875000 0.984375 1.0 0.984375 0.984375 1.0 0.875000 0.875000 0.937500 0.953125 0.968750 0.984375 1.0 0.875000 0.875000 0.0 0.0 0.0 0.0 0.0 0.0 0.0 0.0 0.0 0.0 0.0 0.0 0.0 0.0 0.0 0.0 0.0 0.0 0.0 0.0 0.0 0.0 0.0 1.0 1.0 0.0 0.0 0.0 1.0 1.0 1.0 1.0 1.0 0.0 0.0 -1.0 -1.0 1.0 1.0 1.0 0.0 0.0 1.0 1.0 1.0 1.0 1.0 0.0 0.0 
0.875000 0.875000 0.875000 0.875000 0.875000 0.875000 0.875000 0.875000 0.875000 0.875000 0.875000 0.875000 0.875000 0.875000 0.875000 0.875000 0.875000 0.875000 0.875000 0.875000 0.984375 0.953125 0.968750 0.984375 0.921875 0.937500 0.953125 0.968750 0.953125 0.968750 0.984375 1.0 0.984375 1.0 0.984375 0.953125 0.968750 0.984375 0.921875 0.937500 0.953125 0.968750 0.875000 0.875000 0.875000 0.875000 0.875000 0.875000 0.875000 0.0 0.0 0.0 0.0 0.0 0.0 0.0 0.0 0.0 0.0 0.0 0.0 0.0 0.0 0.0 0.0 0.0 0.0 0.0 0.0 1.0 -1.0 -1.0 -1.0 -1.0 1.0 1.0 1.0 -1.0 -1.0 -1.0 -1.0 -1.0 -1.0 1.0 -1.0 -1.0 -1.0 1.0 1.0 1.0 1.0 0.0 0.0 0.0 0.0 0.0 0.0 0.0 
0.875000 0.875000 0.875000 0.875000 0.875000 0.875000 0.984375 0.953125 0.968750 0.984375 1.0 0.937500 0.953125 0.968750 0.953125 0.968750 0.984375 1.0 0.984375 1.0 0.984375 0.953125 0.968750 0.984375 0.921875 0.937500 0.953125 0.968750 0.875000 0.875000 0.875000 0.875000 0.875000 0.875000 0.875000 0.875000 0.875000 0.875000 0.875000 0.875000 0.875000 0.875000 0.875000 0.875000 0.875000 0.875000 0.875000 0.875000 0.875000 0.0 0.0 0.0 0.0 0.0 0.0 1.0 -1.0 -1.0 -1.0 -1.0 1.0 1.0 1.0 -1.0 -1.0 -1.0 -1.0 -1.0 -1.0 1.0 -1.0 -1.0 -1.0 -1.0 1.0 1.0 1.0 0.0 0.0 0.0 0.0 0.0 0.0 0.0 0.0 0.0 0.0 0.0 0.0 0.0 0.0 0.0 0.0 0.0 0.0 0.0 0.0 0.0 
0.859375 0.859375 0.859375 0.859375 0.859375 0.859375 0.859375 0.968750 0.984375 0.859375 0.859375 0.859375 0.859375 0.859375 0.953125 0.968750 0.984375 0.859375 0.859375 0.859375 0.859375 0.968750 0.968750 0.984375 0.859375 0.859375 0.859375 0.859375 0.953125 0.968750 0.984375 0.859375 0.859375 0.859375 0.859375 0.859375 0.859375 0.859375 0.859375 0.859375 0.859375 0.859375 0.859375 0.859375 0.859375 0.859375 0.859375 0.859375 0.859375 0.0 0.0 0.0 0.0 0.0 0.0 0.0 1.0 1.0 0.0 0.0 0.0 0.0 0.0 1.0 1.0 1.0 0.0 0.0 0.0 0.0 1.0 1.0 1.0 1.0 0.0 0.0 0.0 1.0 1.0 1.0 0.0 0.0 0.0 0.0 0.0 0.0 0.0 0.0 0.0 0.0 0.0 0.0 0.0 0.0 0.0 0.0 0.0 0.0 
0.968750 0.984375 0.859375 0.859375 0.859375 0.859375 0.859375 0.953125 0.968750 0.984375 0.859375 0.859375 0.859375 0.859375 0.968750 0.968750 0.984375 1.0 0.859375 0.859375 0.859375 0.953125 0.968750 0.984375 0.859375 0.859375 0.859375 0.859375 0.859375 0.859375 0.859375 0.859375 0.859375 0.859375 0.859375 0.859375 0.859375 0.859375 0.859375 0.859375 0.859375 0.859375 0.859375 0.859375 0.859375 0.859375 0.859375 0.859375 0.859375 1.0 1.0 0.0 0.0 0.0 0.0 0.0 1.0 1.0 1.0 0.0 0.0 0.0 0.0 1.0 1.0 1.0 1.0 0.0 0.0 0.0 1.0 1.0 1.0 1.0 0.0 0.0 0.0 0.0 0.0 0.0 0.0 0.0 0.0 0.0 0.0 0.0 0.0 0.0 0.0 0.0 0.0 0.0 0.0 0.0 0.0 0.0 0.0 0.0 
0.859375 0.859375 0.859375 0.859375 0.859375 0.859375 0.859375 0.859375 0.859375 0.859375 0.859375 0.859375 0.859375 0.859375 0.859375 0.859375 0.859375 0.859375 0.859375 0.968750 0.984375 0.953125 0.968750 0.984375 0.921875 0.937500 0.953125 0.968750 0.953125 0.968750 0.984375 0.968750 0.984375 0.968750 0.968750 0.953125 0.968750 0.984375 0.921875 0.937500 0.953125 0.968750 0.859375 0.859375 0.859375 0.859375 0.859375 0.859375 0.859375 0.0 0.0 0.0 0.0 0.0 0.0 0.0 0.0 0.0 0.0 0.0 0.0 0.0 0.0 0.0 0.0 0.0 0.0 0.0 1.0 1.0 -1.0 -1.0 -1.0 -1.0 1.0 1.0 1.0 -1.0 -1.0 -1.0 -1.0 -1.0 1.0 1.0 -1.0 -1.0 -1.0 1.0 1.0 1.0 1.0 0.0 0.0 0.0 0.0 0.0 0.0 0.0 
0.859375 0.859375 0.859375 0.859375 0.859375 0.859375 0.859375 0.859375 0.859375 0.859375 0.968750 0.984375 0.859375 0.859375 0.984375 1.0 0.937500 0.953125 0.968750 0.984375 0.859375 0.984375 0.968750 0.984375 0.968750 0.968750 0.984375 1.0 0.984375 0.921875 0.937500 0.953125 0.968750 0.984375 1.0 0.859375 0.859375 0.859375 0.859375 0.859375 0.859375 0.859375 0.859375 0.859375 0.859375 0.859375 0.859375 0.859375 0.859375 0.0 0.0 0.0 0.0 0.0 0.0 0.0 0.0 0.0 0.0 1.0 1.0 0.0 0.0 -1.0 -1.0 1.0 1.0 1.0 1.0 0.0 -1.0 -1.0 -1.0 -1.0 1.0 1.0 1.0 -1.0 1.0 1.0 1.0 1.0 1.0 1.0 0.0 0.0 0.0 0.0 0.0 0.0 0.0 0.0 0.0 0.0 0.0 0.0 0.0 0.0 
0.859375 0.859375 0.859375 0.859375 0.859375 0.859375 0.859375 0.859375 0.859375 0.859375 0.859375 0.859375 0.859375 0.859375 0.859375 0.859375 0.859375 0.859375 0.859375 0.859375 0.859375 0.859375 0.968750 0.984375 0.859375 0.859375 0.859375 0.859375 0.937500 0.953125 0.968750 0.984375 0.859375 0.859375 0.859375 0.984375 1.0 0.968750 0.984375 1.0 0.859375 0.859375 0.937500 0.953125 0.968750 0.984375 1.0 0.859375 0.859375 0.0 0.0 0.0 0.0 0.0 0.0 0.0 0.0 0.0 0.0 0.0 0.0 0.0 0.0 0.0 0.0 0.0 0.0 0.0 0.0 0.0 0.0 1.0 1.0 1.0 0.0 0.0 0.0 1.0 1.0 1.0 1.0 0.0 0.0 0.0 -1.0 -1.0 1.0 1.0 1.0 0.0 0.0 1.0 1.0 1.0 1.0 1.0 0.0 0.0 
0.859375 0.859375 0.859375 0.859375 0.859375 0.968750 0.984375 0.953125 0.968750 0.984375 1.0 0.937500 0.953125 0.968750 0.953125 0.968750 0.984375 0.968750 0.984375 1.0 0.968750 0.953125 0.968750 0.984375 0.921875 0.937500 0.953125 0.968750 0.859375 0.859375 0.859375 0.859375 0.859375 0.859375 0.859375 0.859375 0.859375 0.859375 0.859375 0.859375 0.859375 0.859375 0.859375 0.859375 0.859375 0.859375 0.859375 0.859375 0.859375 0.0 0.0 0.0 0.0 0.0 1.0 1.0 -1.0 -1.0 -1.0 -1.0 1.0 1.0 1.0 -1.0 -1.0 -1.0 -1.0 -1.0 -1.0 1.0 -1.0 -1.0 -1.0 -1.0 1.0 1.0 1.0 0.0 0.0 0.0 0.0 0.0 0.0 0.0 0.0 0.0 0.0 0.0 0.0 0.0 0.0 0.0 0.0 0.0 0.0 0.0 0.0 0.0 
0.859375 0.859375 0.859375 0.859375 0.859375 0.859375 0.859375 0.859375 0.859375 0.859375 0.859375 0.859375 0.859375 0.859375 0.968750 0.984375 1.0 0.859375 0.859375 0.859375 0.859375 0.953125 0.968750 0.984375 0.859375 0.859375 0.859375 0.859375 1.0 0.968750 0.984375 1.0 0.859375 0.859375 0.859375 0.953125 0.968750 0.984375 1.0 0.859375 0.859375 0.859375 0.859375 0.859375 0.859375 0.859375 0.859375 0.859375 0.859375 0.0 0.0 0.0 0.0 0.0 0.0 0.0 0.0 0.0 0.0 0.0 0.0 0.0 0.0 1.0 1.0 1.0 0.0 0.0 0.0 0.0 1.0 1.0 1.0 1.0 0.0 0.0 0.0 -1.0 1.0 1.0 1.0 0.0 0.0 0.0 1.0 1.0 1.0 1.0 0.0 0.0 0.0 0.0 0.0 0.0 0.0 0.0 0.0 0.0 
0.859375 0.859375 0.859375 0.859375 0.859375 0.859375 0.859375 0.859375 0.859375 0.859375 0.859375 0.859375 0.968750 0.984375 0.953125 0.968750 0.984375 1.0 0.937500 0.953125 0.968750 0.953125 0.968750 0.984375 0.968750 0.984375 1.0 0.968750 0.953125 0.968750 0.984375 1.0 0.937500 0.953125 0.968750 0.859375 0.859375 0.859375 0.859375 0.859375 0.859375 0.859375 0.859375 0.859375 0.859375 0.859375 0.859375 0.859375 0.859375 0.0 0.0 0.0 0.0 0.0 0.0 0.0 0.0 0.0 0.0 0.0 0.0 1.0 1.0 -1.0 -1.0 -1.0 -1.0 1.0 1.0 1.0 -1.0 -1.0 -1.0 -1.0 -1.0 -1.0 1.0 -1.0 -1.0 -1.0 -1.0 1.0 1.0 1.0 0.0 0.0 0.0 0.0 0.0 0.0 0.0 0.0 0.0 0.0 0.0 0.0 0.0 0.0 
0.843750 0.843750 0.843750 0.843750 0.843750 0.843750 0.843750 0.843750 0.843750 0.843750 0.843750 0.843750 0.843750 0.843750 0.843750 0.843750 0.843750 0.843750 0.843750 0.843750 0.843750 0.953125 0.968750 0.984375 0.843750 0.843750 0.843750 0.843750 0.937500 0.953125 0.968750 0.984375 0.843750 0.843750 0.843750 0.984375 0.953125 0.968750 0.984375 0.843750 0.843750 0.843750 0.937500 0.953125 0.968750 0.984375 0.843750 0.843750 0.843750 0.0 0.0 0.0 0.0 0.0 0.0 0.0 0.0 0.0 0.0 0.0 0.0 0.0 0.0 0.0 0.0 0.0 0.0 0.0 0.0 0.0 1.0 1.0 1.0 1.0 0.0 0.0 0.0 1.0 1.0 1.0 1.0 0.0 0.0 0.0 -1.0 1.0 1.0 1.0 0.0 0.0 0.0 1.0 1.0 1.0 1.0 0.0 0.0 0.0 
0.843750 0.843750 0.843750 0.843750 0.843750 0.843750 0.843750 0.843750 0.843750 0.843750 0.843750 0.843750 0.843750 0.843750 0.968750 0.984375 1.0 0.843750 0.843750 0.843750 0.843750 0.953125 0.968750 0.984375 0.843750 0.843750 0.843750 0.843750 0.953125 0.968750 0.984375 0.843750 0.843750 0.843750 0.843750 0.953125 0.968750 0.984375 0.843750 0.843750 0.843750 0.843750 0.843750 0.843750 0.843750 0.843750 0.843750 0.843750 0.843750 0.0 0.0 0.0 0.0 0.0 0.0 0.0 0.0 0.0 0.0 0.0 0.0 0.0 0.0 1.0 1.0 1.0 0.0 0.0 0.0 0.0 1.0 1.0 1.0 1.0 0.0 0.0 0.0 1.0 1.0 1.0 0.0 0.0 0.0 0.0 1.0 1.0 1.0 0.0 0.0 0.0 0.0 0.0 0.0 0.0 0.0 0.0 0.0 0.0 
0.843750 0.843750 0.843750 0.843750 0.843750 0.843750 0.843750 0.843750 0.843750 0.843750 0.843750 0.953125 0.968750 0.984375 0.953125 0.968750 0.984375 0.921875 0.937500 0.953125 0.968750 0.953125 0.968750 0.984375 0.968750 0.984375 0.953125 0.968750 0.953125 0.968750 0.984375 0.921875 0.937500 0.953125 0.968750 0.843750 0.843750 0.843750 0.843750 0.843750 0.843750 0.843750 0.843750 0.843750 0.843750 0.843750 0.843750 0.843750 0.843750 0.0 0.0 0.0 0.0 0.0 0.0 0.0 0.0 0.0 0.0 0.0 1.0 1.0 1.0 -1.0 -1.0 -1.0 1.0 1.0 1.0 1.0 -1.0 -1.0 -1.0 -1.0 -1.0 1.0 1.0 -1.0 -1.0 -1.0 1.0 1.0 1.0 1.0 0.0 0.0 0.0 0.0 0.0 0.0 0.0 0.0 0.0 0.0 0.0 0.0 0.0 0.0 
0.843750 0.843750 0.843750 0.843750 0.843750 0.843750 0.843750 0.968750 0.984375 1.0 0.843750 0.843750 0.843750 0.843750 0.953125 0.968750 0.984375 1.0 0.843750 0.843750 0.843750 0.953125 0.968750 0.984375 0.843750 0.843750 0.843750 0.843750 0.953125 0.968750 0.984375 0.843750 0.843750 0.843750 0.843750 0.843750 0.843750 0.843750 0.843750 0.843750 0.843750 0.843750 0.843750 0.843750 0.843750 0.843750 0.843750 0.843750 0.843750 0.0 0.0 0.0 0.0 0.0 0.0 0.0 1.0 1.0 1.0 0.0 0.0 0.0 0.0 1.0 1.0 1.0 1.0 0.0 0.0 0.0 1.0 1.0 1.0 1.0 0.0 0.0 0.0 1.0 1.0 1.0 0.0 0.0 0.0 0.0 0.0 0.0 0.0 0.0 0.0 0.0 0.0 0.0 0.0 0.0 0.0 0.0 0.0 0.0 
0.843750 0.843750 0.843750 0.843750 0.953125 0.968750 0.984375 0.953125 0.968750 0.984375 0.921875 0.937500 0.953125 0.968750 0.953125 0.968750 0.984375 1.0 0.984375 0.953125 0.968750 0.953125 0.968750 0.984375 0.921875 0.937500 0.953125 0.968750 0.843750 0.843750 0.843750 0.843750 0.843750 0.843750 0.843750 0.843750 0.843750 0.843750 0.843750 0.843750 0.843750 0.843750 0.843750 0.843750 0.843750 0.843750 0.843750 0.843750 0.843750 0.0 0.0 0.0 0.0 1.0 1.0 1.0 -1.0 -1.0 -1.0 1.0 1.0 1.0 1.0 -1.0 -1.0 -1.0 -1.0 -1.0 1.0 1.0 -1.0 -1.0 -1.0 -1.0 1.0 1.0 1.0 0.0 0.0 0.0 0.0 0.0 0.0 0.0 0.0 0.0 0.0 0.0 0.0 0.0 0.0 0.0 0.0 0.0 0.0 0.0 0.0 0.0 
0.843750 0.843750 0.843750 0.843750 0.843750 0.843750 0.843750 0.843750 0.843750 0.843750 0.843750 0.843750 0.843750 0.843750 0.843750 0.843750 0.843750 0.843750 0.953125 0.968750 0.984375 0.953125 0.968750 0.984375 0.921875 0.937500 0.953125 0.968750 0.953125 0.968750 0.984375 1.0 0.984375 0.953125 0.968750 0.953125 0.968750 0.984375 1.0 0.937500 0.953125 0.968750 0.843750 0.843750 0.843750 0.843750 0.843750 0.843750 0.843750 0.0 0.0 0.0 0.0 0.0 0.0 0.0 0.0 0.0 0.0 0.0 0.0 0.0 0.0 0.0 0.0 0.0 0.0 1.0 1.0 1.0 -1.0 -1.0 -1.0 -1.0 1.0 1.0 1.0 -1.0 -1.0 -1.0 -1.0 -1.0 1.0 1.0 -1.0 -1.0 -1.0 -1.0 1.0 1.0 1.0 0.0 0.0 0.0 0.0 0.0 0.0 0.0 
0.828125 0.828125 0.828125 0.828125 0.828125 0.828125 0.828125 0.968750 0.984375 0.828125 0.828125 0.828125 0.828125 0.828125 0.953125 0.968750 0.984375 0.828125 0.828125 0.828125 0.828125 0.953125 0.968750 0.984375 0.828125 0.828125 0.828125 0.828125 0.953125 0.968750 0.828125 0.828125 0.828125 0.828125 0.828125 0.828125 0.828125 0.828125 0.828125 0.828125 0.828125 0.828125 0.828125 0.828125 0.828125 0.828125 0.828125 0.828125 0.828125 0.0 0.0 0.0 0.0 0.0 0.0 0.0 1.0 1.0 0.0 0.0 0.0 0.0 0.0 1.0 1.0 1.0 0.0 0.0 0.0 0.0 1.0 1.0 1.0 1.0 0.0 0.0 0.0 1.0 1.0 0.0 0.0 0.0 0.0 0.0 0.0 0.0 0.0 0.0 0.0 0.0 0.0 0.0 0.0 0.0 0.0 0.0 0.0 0.0 
0.828125 0.828125 0.828125 0.937500 0.953125 0.968750 0.984375 0.953125 0.968750 0.984375 0.921875 0.937500 0.953125 0.968750 0.953125 0.968750 0.984375 0.968750 0.937500 0.953125 0.968750 0.953125 0.968750 0.984375 0.921875 0.937500 0.953125 0.968750 0.828125 0.828125 0.828125 0.828125 0.828125 0.828125 0.828125 0.828125 0.828125 0.828125 0.828125 0.828125 0.828125 0.828125 0.828125 0.828125 0.828125 0.828125 0.828125 0.828125 0.828125 0.0 0.0 0.0 1.0 1.0 1.0 1.0 -1.0 -1.0 -1.0 1.0 1.0 1.0 1.0 -1.0 -1.0 -1.0 -1.0 1.0 1.0 1.0 -1.0 -1.0 -1.0 -1.0 1.0 1.0 1.0 0.0 0.0 0.0 0.0 0.0 0.0 0.0 0.0 0.0 0.0 0.0 0.0 0.0 0.0 0.0 0.0 0.0 0.0 0.0 0.0 0.0 
0.953125 0.968750 0.984375 0.828125 0.828125 0.828125 0.828125 0.937500 0.953125 0.968750 0.984375 0.828125 0.828125 0.828125 0.937500 0.953125 0.968750 0.984375 1.0 0.828125 0.828125 0.937500 0.953125 0.968750 0.828125 0.828125 0.828125 0.828125 0.828125 0.828125 0.828125 0.828125 0.828125 0.828125 0.828125 0.828125 0.828125 0.828125 0.828125 0.828125 0.828125 0.828125 0.828125 0.828125 0.828125 0.828125 0.828125 0.828125 0.828125 1.0 1.0 1.0 0.0 0.0 0.0 0.0 1.0 1.0 1.0 1.0 0.0 0.0 0.0 1.0 1.0 1.0 1.0 1.0 0.0 0.0 1.0 1.0 1.0 1.0 0.0 0.0 0.0 0.0 0.0 0.0 0.0 0.0 0.0 0.0 0.0 0.0 0.0 0.0 0.0 0.0 0.0 0.0 0.0 0.0 0.0 0.0 0.0 0.0 
0.828125 0.828125 0.828125 0.828125 0.828125 0.828125 0.828125 0.828125 0.828125 0.828125 0.828125 0.828125 0.828125 0.828125 0.968750 0.984375 0.828125 0.828125 0.828125 0.828125 0.828125 0.953125 0.968750 0.984375 0.828125 0.828125 0.828125 0.828125 0.953125 0.968750 0.984375 1.0 0.828125 0.828125 0.828125 0.953125 0.968750 1.0 0.828125 0.828125 0.828125 0.828125 0.828125 0.828125 0.828125 0.828125 0.828125 0.828125 0.828125 0.0 0.0 0.0 0.0 0.0 0.0 0.0 0.0 0.0 0.0 0.0 0.0 0.0 0.0 1.0 1.0 0.0 0.0 0.0 0.0 0.0 1.0 1.0 1.0 1.0 0.0 0.0 0.0 1.0 1.0 1.0 1.0 0.0 0.0 0.0 1.0 1.0 1.0 0.0 0.0 0.0 0.0 0.0 0.0 0.0 0.0 0.0 0.0 0.0 
0.828125 0.828125 0.828125 0.828125 0.828125 0.828125 0.828125 0.828125 0.828125 0.828125 0.828125 0.828125 0.828125 0.828125 0.828125 0.828125 0.828125 0.828125 0.828125 0.828125 0.828125 0.953125 0.968750 0.984375 0.828125 0.828125 0.828125 0.828125 0.937500 0.953125 0.968750 0.984375 1.0 0.828125 0.828125 0.937500 0.953125 0.968750 0.984375 1.0 0.828125 0.828125 0.937500 0.953125 0.968750 1.0 0.828125 0.828125 0.828125 0.0 0.0 0.0 0.0 0.0 0.0 0.0 0.0 0.0 0.0 0.0 0.0 0.0 0.0 0.0 0.0 0.0 0.0 0.0 0.0 0.0 1.0 1.0 1.0 1.0 0.0 0.0 0.0 1.0 1.0 1.0 1.0 1.0 0.0 0.0 1.0 1.0 1.0 1.0 1.0 0.0 0.0 1.0 1.0 1.0 1.0 0.0 0.0 0.0 
0.828125 0.828125 0.828125 0.828125 0.828125 0.828125 0.828125 0.828125 0.828125 0.828125 0.828125 0.828125 0.828125 0.828125 0.828125 0.828125 0.828125 0.828125 0.828125 0.828125 0.828125 0.828125 0.828125 0.828125 0.937500 0.953125 0.968750 0.984375 0.953125 0.968750 0.984375 0.921875 0.937500 0.953125 0.968750 0.953125 0.968750 0.984375 0.968750 0.937500 0.953125 0.968750 0.953125 0.968750 0.984375 1.0 0.937500 0.953125 0.968750 0.0 0.0 0.0 0.0 0.0 0.0 0.0 0.0 0.0 0.0 0.0 0.0 0.0 0.0 0.0 0.0 0.0 0.0 0.0 0.0 0.0 0.0 0.0 0.0 -1.0 1.0 1.0 1.0 -1.0 -1.0 -1.0 1.0 1.0 1.0 1.0 -1.0 -1.0 -1.0 -1.0 1.0 1.0 1.0 -1.0 -1.0 -1.0 -1.0 1.0 1.0 1.0 
0.828125 0.828125 0.828125 0.828125 0.828125 0.828125 0.828125 0.828125 0.828125 0.828125 0.828125 0.828125 0.828125 0.828125 0.828125 0.828125 0.828125 0.828125 0.828125 0.828125 0.828125 0.968750 0.984375 1.0 0.828125 0.828125 0.828125 0.828125 0.953125 0.968750 0.984375 1.0 0.828125 0.828125 0.828125 0.953125 0.968750 0.984375 1.0 0.828125 0.828125 0.828125 0.953125 0.968750 1.0 0.828125 0.828125 0.828125 0.828125 0.0 0.0 0.0 0.0 0.0 0.0 0.0 0.0 0.0 0.0 0.0 0.0 0.0 0.0 0.0 0.0 0.0 0.0 0.0 0.0 0.0 1.0 1.0 1.0 1.0 0.0 0.0 0.0 1.0 1.0 1.0 1.0 0.0 0.0 0.0 1.0 1.0 1.0 1.0 0.0 0.0 0.0 1.0 1.0 1.0 0.0 0.0 0.0 0.0 
0.828125 0.828125 0.828125 0.828125 0.828125 0.828125 0.828125 0.828125 0.828125 0.828125 0.828125 0.828125 0.828125 0.828125 0.828125 0.828125 0.828125 1.0 0.953125 0.968750 0.984375 0.953125 0.968750 0.984375 0.921875 0.937500 0.953125 0.968750 0.953125 0.968750 0.984375 0.968750 0.937500 0.953125 0.968750 0.953125 0.968750 0.984375 1.0 0.937500 0.953125 0.968750 0.828125 0.828125 0.828125 0.828125 0.828125 0.828125 0.828125 0.0 0.0 0.0 0.0 0.0 0.0 0.0 0.0 0.0 0.0 0.0 0.0 0.0 0.0 0.0 0.0 0.0 -1.0 1.0 1.0 1.0 -1.0 -1.0 -1.0 -1.0 1.0 1.0 1.0 -1.0 -1.0 -1.0 -1.0 1.0 1.0 1.0 -1.0 -1.0 -1.0 -1.0 1.0 1.0 1.0 0.0 0.0 0.0 0.0 0.0 0.0 0.0 
0.828125 0.828125 0.828125 0.828125 0.828125 0.828125 0.828125 0.828125 0.828125 0.828125 1.0 0.953125 0.968750 0.984375 0.953125 0.968750 0.984375 1.0 0.937500 0.953125 0.968750 0.953125 0.968750 0.984375 0.968750 0.937500 0.953125 0.968750 0.953125 0.968750 0.984375 1.0 0.937500 0.953125 0.968750 0.828125 0.828125 0.828125 0.828125 0.828125 0.828125 0.828125 0.828125 0.828125 0.828125 0.828125 0.828125 0.828125 0.828125 0.0 0.0 0.0 0.0 0.0 0.0 0.0 0.0 0.0 0.0 -1.0 1.0 1.0 1.0 -1.0 -1.0 -1.0 -1.0 1.0 1.0 1.0 -1.0 -1.0 -1.0 -1.0 1.0 1.0 1.0 -1.0 -1.0 -1.0 -1.0 1.0 1.0 1.0 0.0 0.0 0.0 0.0 0.0 0.0 0.0 0.0 0.0 0.0 0.0 0.0 0.0 0.0 
0.812500 0.812500 0.812500 0.812500 0.812500 0.812500 0.812500 0.812500 0.812500 0.812500 0.812500 0.812500 0.812500 0.812500 0.968750 0.984375 0.984375 0.812500 0.812500 0.812500 0.812500 0.953125 0.968750 0.984375 0.812500 0.812500 0.812500 0.812500 0.953125 0.968750 0.984375 0.812500 0.812500 0.812500 0.812500 0.953125 0.984375 0.812500 0.812500 0.812500 0.812500 0.812500 0.812500 0.812500 0.812500 0.812500 0.812500 0.812500 0.812500 0.0 0.0 0.0 0.0 0.0 0.0 0.0 0.0 0.0 0.0 0.0 0.0 0.0 0.0 1.0 1.0 1.0 0.0 0.0 0.0 0.0 1.0 1.0 1.0 1.0 0.0 0.0 0.0 1.0 1.0 1.0 0.0 0.0 0.0 0.0 1.0 1.0 0.0 0.0 0.0 0.0 0.0 0.0 0.0 0.0 0.0 0.0 0.0 0.0 
0.953125 0.968750 0.984375 0.984375 0.812500 0.812500 0.812500 0.937500 0.953125 0.968750 0.984375 1.0 0.812500 0.812500 0.937500 0.953125 0.968750 0.984375 0.812500 0.812500 0.812500 0.937500 0.953125 0.984375 0.812500 0.812500 0.812500 0.812500 0.812500 0.812500 0.812500 0.812500 0.812500 0.812500 0.812500 0.812500 0.812500 0.812500 0.812500 0.812500 0.812500 0.812500 0.812500 0.812500 0.812500 0.812500 0.812500 0.812500 0.812500 1.0 1.0 1.0 1.0 0.0 0.0 0.0 1.0 1.0 1.0 1.0 1.0 0.0 0.0 1.0 1.0 1.0 1.0 0.0 0.0 0.0 1.0 1.0 1.0 1.0 0.0 0.0 0.0 0.0 0.0 0.0 0.0 0.0 0.0 0.0 0.0 0.0 0.0 0.0 0.0 0.0 0.0 0.0 0.0 0.0 0.0 0.0 0.0 0.0 
0.812500 0.812500 0.812500 0.812500 0.812500 0.812500 0.812500 0.812500 0.812500 0.812500 0.812500 0.812500 0.812500 0.812500 0.812500 0.812500 0.812500 0.812500 0.812500 0.812500 0.812500 0.812500 0.812500 0.984375 0.937500 0.953125 0.968750 0.984375 0.953125 0.968750 0.984375 0.921875 0.937500 0.953125 0.968750 0.953125 0.968750 0.984375 0.921875 0.937500 0.953125 0.968750 0.953125 0.968750 0.984375 0.921875 0.937500 0.953125 0.984375 0.0 0.0 0.0 0.0 0.0 0.0 0.0 0.0 0.0 0.0 0.0 0.0 0.0 0.0 0.0 0.0 0.0 0.0 0.0 0.0 0.0 0.0 0.0 -1.0 -1.0 1.0 1.0 1.0 -1.0 -1.0 -1.0 1.0 1.0 1.0 1.0 -1.0 -1.0 -1.0 1.0 1.0 1.0 1.0 -1.0 -1.0 -1.0 1.0 1.0 1.0 1.0 
0.812500 0.812500 0.984375 1.0 0.953125 0.968750 0.984375 0.953125 0.968750 0.984375 0.921875 0.937500 0.953125 0.968750 0.953125 0.968750 0.984375 0.921875 0.937500 0.953125 0.968750 0.953125 0.968750 0.984375 0.921875 0.937500 0.953125 0.984375 0.812500 0.812500 0.812500 0.812500 0.812500 0.812500 0.812500 0.812500 0.812500 0.812500 0.812500 0.812500 0.812500 0.812500 0.812500 0.812500 0.812500 0.812500 0.812500 0.812500 0.812500 0.0 0.0 -1.0 -1.0 1.0 1.0 1.0 -1.0 -1.0 -1.0 1.0 1.0 1.0 1.0 -1.0 -1.0 -1.0 1.0 1.0 1.0 1.0 -1.0 -1.0 -1.0 -1.0 1.0 1.0 1.0 0.0 0.0 0.0 0.0 0.0 0.0 0.0 0.0 0.0 0.0 0.0 0.0 0.0 0.0 0.0 0.0 0.0 0.0 0.0 0.0 0.0 
0.812500 0.812500 0.812500 0.812500 0.812500 0.812500 0.812500 0.812500 0.812500 0.984375 1.0 0.953125 0.968750 0.984375 0.953125 0.968750 0.984375 0.921875 0.937500 0.953125 0.968750 0.953125 0.968750 0.984375 0.921875 0.937500 0.953125 0.968750 0.953125 0.968750 0.984375 1.0 0.937500 0.953125 0.984375 0.812500 0.812500 0.812500 0.812500 0.812500 0.812500 0.812500 0.812500 0.812500 0.812500 0.812500 0.812500 0.812500 0.812500 0.0 0.0 0.0 0.0 0.0 0.0 0.0 0.0 0.0 -1.0 -1.0 1.0 1.0 1.0 -1.0 -1.0 -1.0 1.0 1.0 1.0 1.0 -1.0 -1.0 -1.0 -1.0 1.0 1.0 1.0 -1.0 -1.0 -1.0 -1.0 1.0 1.0 1.0 0.0 0.0 0.0 0.0 0.0 0.0 0.0 0.0 0.0 0.0 0.0 0.0 0.0 0.0 
0.812500 0.812500 0.812500 0.812500 0.812500 0.812500 0.812500 0.812500 0.812500 0.812500 0.812500 0.812500 0.812500 0.812500 0.812500 0.812500 0.984375 1.0 0.953125 0.968750 0.984375 0.953125 0.968750 0.984375 0.921875 0.937500 0.953125 0.968750 0.953125 0.968750 0.984375 1.0 0.937500 0.953125 0.968750 0.953125 0.968750 0.984375 1.0 0.937500 0.953125 0.984375 0.812500 0.812500 0.812500 0.812500 0.812500 0.812500 0.812500 0.0 0.0 0.0 0.0 0.0 0.0 0.0 0.0 0.0 0.0 0.0 0.0 0.0 0.0 0.0 0.0 -1.0 -1.0 1.0 1.0 1.0 -1.0 -1.0 -1.0 -1.0 1.0 1.0 1.0 -1.0 -1.0 -1.0 -1.0 1.0 1.0 1.0 -1.0 -1.0 -1.0 -1.0 1.0 1.0 1.0 0.0 0.0 0.0 0.0 0.0 0.0 0.0 
0.812500 0.812500 0.812500 0.812500 0.812500 0.812500 0.812500 0.812500 0.812500 0.812500 0.812500 0.812500 0.812500 0.812500 0.812500 0.812500 0.812500 0.812500 0.812500 0.812500 0.812500 0.968750 0.984375 0.984375 0.812500 0.812500 0.812500 0.812500 0.953125 0.968750 0.984375 1.0 0.812500 0.812500 0.812500 0.953125 0.968750 0.984375 0.812500 0.812500 0.812500 0.812500 0.953125 0.984375 1.0 0.812500 0.812500 0.812500 0.812500 0.0 0.0 0.0 0.0 0.0 0.0 0.0 0.0 0.0 0.0 0.0 0.0 0.0 0.0 0.0 0.0 0.0 0.0 0.0 0.0 0.0 1.0 1.0 1.0 1.0 0.0 0.0 0.0 1.0 1.0 1.0 1.0 0.0 0.0 0.0 1.0 1.0 1.0 0.0 0.0 0.0 0.0 1.0 1.0 1.0 0.0 0.0 0.0 0.0 
0.812500 0.812500 0.812500 0.812500 0.812500 0.812500 0.812500 0.968750 0.984375 0.984375 1.0 0.812500 0.812500 0.812500 0.953125 0.968750 0.984375 1.0 0.812500 0.812500 0.812500 0.953125 0.968750 0.984375 0.812500 0.812500 0.812500 0.812500 0.953125 0.984375 1.0 0.812500 0.812500 0.812500 0.812500 0.812500 0.812500 0.812500 0.812500 0.812500 0.812500 0.812500 0.812500 0.812500 0.812500 0.812500 0.812500 0.812500 0.812500 0.0 0.0 0.0 0.0 0.0 0.0 0.0 1.0 1.0 1.0 1.0 0.0 0.0 0.0 1.0 1.0 1.0 1.0 0.0 0.0 0.0 1.0 1.0 1.0 1.0 0.0 0.0 0.0 1.0 1.0 1.0 0.0 0.0 0.0 0.0 0.0 0.0 0.0 0.0 0.0 0.0 0.0 0.0 0.0 0.0 0.0 0.0 0.0 0.0 
0.796875 0.796875 0.796875 0.796875 0.796875 0.796875 0.796875 0.796875 0.796875 0.796875 0.796875 0.796875 0.796875 0.796875 0.953125 0.968750 0.968750 0.984375 0.796875 0.796875 0.796875 0.937500 0.953125 0.968750 0.984375 0.796875 0.796875 0.796875 0.937500 0.953125 0.968750 0.984375 0.796875 0.796875 0.796875 0.937500 0.968750 0.984375 0.796875 0.796875 0.796875 0.796875 0.796875 0.796875 0.796875 0.796875 0.796875 0.796875 0.796875 0.0 0.0 0.0 0.0 0.0 0.0 0.0 0.0 0.0 0.0 0.0 0.0 0.0 0.0 1.0 1.0 1.0 1.0 0.0 0.0 0.0 1.0 1.0 1.0 1.0 0.0 0.0 0.0 1.0 1.0 1.0 1.0 0.0 0.0 0.0 1.0 1.0 1.0 0.0 0.0 0.0 0.0 0.0 0.0 0.0 0.0 0.0 0.0 0.0 
0.796875 0.796875 0.796875 0.796875 0.796875 0.796875 0.796875 0.796875 0.796875 0.796875 0.796875 0.796875 0.796875 0.796875 0.968750 0.968750 0.984375 0.796875 0.796875 0.796875 0.796875 0.953125 0.968750 1.0 0.796875 0.796875 0.796875 0.796875 0.953125 0.968750 0.984375 0.796875 0.796875 0.796875 0.796875 0.968750 0.984375 0.796875 0.796875 0.796875 0.796875 0.796875 0.796875 0.796875 0.796875 0.796875 0.796875 0.796875 0.796875 0.0 0.0 0.0 0.0 0.0 0.0 0.0 0.0 0.0 0.0 0.0 0.0 0.0 0.0 1.0 1.0 1.0 0.0 0.0 0.0 0.0 1.0 1.0 1.0 1.0 0.0 0.0 0.0 1.0 1.0 1.0 0.0 0.0 0.0 0.0 1.0 1.0 0.0 0.0 0.0 0.0 0.0 0.0 0.0 0.0 0.0 0.0 0.0 0.0 
0.796875 0.796875 0.796875 0.796875 0.796875 0.796875 0.796875 0.796875 0.796875 0.796875 0.796875 0.796875 0.796875 0.796875 0.796875 0.796875 0.796875 0.796875 0.796875 0.796875 0.796875 0.796875 0.968750 0.984375 0.937500 0.953125 0.968750 0.968750 0.953125 0.968750 0.984375 0.921875 0.937500 0.953125 0.968750 0.953125 0.968750 0.984375 0.921875 0.937500 0.953125 0.968750 0.953125 0.968750 0.984375 0.921875 0.937500 0.968750 0.984375 0.0 0.0 0.0 0.0 0.0 0.0 0.0 0.0 0.0 0.0 0.0 0.0 0.0 0.0 0.0 0.0 0.0 0.0 0.0 0.0 0.0 0.0 -1.0 -1.0 -1.0 1.0 1.0 1.0 -1.0 -1.0 -1.0 1.0 1.0 1.0 1.0 -1.0 -1.0 -1.0 1.0 1.0 1.0 1.0 -1.0 -1.0 -1.0 1.0 1.0 1.0 1.0 
0.796875 0.796875 0.796875 0.796875 0.796875 0.796875 0.796875 0.796875 0.796875 0.796875 0.796875 0.796875 0.796875 0.796875 0.796875 0.968750 0.984375 1.0 0.953125 0.968750 0.968750 0.953125 0.968750 0.984375 0.921875 0.937500 0.953125 0.968750 0.953125 0.968750 0.984375 0.921875 0.937500 0.953125 0.968750 0.953125 0.968750 0.984375 0.921875 0.937500 0.968750 0.984375 0.796875 0.796875 0.796875 0.796875 0.796875 0.796875 0.796875 0.0 0.0 0.0 0.0 0.0 0.0 0.0 0.0 0.0 0.0 0.0 0.0 0.0 0.0 0.0 -1.0 -1.0 -1.0 1.0 1.0 1.0 -1.0 -1.0 -1.0 -1.0 1.0 1.0 1.0 -1.0 -1.0 -1.0 1.0 1.0 1.0 1.0 -1.0 -1.0 -1.0 1.0 1.0 1.0 1.0 0.0 0.0 0.0 0.0 0.0 0.0 0.0 
0.796875 0.796875 0.796875 0.796875 0.796875 0.796875 0.796875 0.968750 0.968750 0.984375 0.796875 0.796875 0.796875 0.796875 0.953125 0.968750 1.0 1.0 0.796875 0.796875 0.796875 0.953125 0.968750 0.984375 0.796875 0.796875 0.796875 0.796875 0.968750 0.984375 0.796875 0.796875 0.796875 0.796875 0.796875 0.796875 0.796875 0.796875 0.796875 0.796875 0.796875 0.796875 0.796875 0.796875 0.796875 0.796875 0.796875 0.796875 0.796875 0.0 0.0 0.0 0.0 0.0 0.0 0.0 1.0 1.0 1.0 0.0 0.0 0.0 0.0 1.0 1.0 1.0 1.0 0.0 0.0 0.0 1.0 1.0 1.0 1.0 0.0 0.0 0.0 1.0 1.0 0.0 0.0 0.0 0.0 0.0 0.0 0.0 0.0 0.0 0.0 0.0 0.0 0.0 0.0 0.0 0.0 0.0 0.0 0.0 
0.796875 0.968750 0.984375 1.0 0.953125 0.968750 0.968750 0.953125 0.968750 0.984375 1.0 0.937500 0.953125 0.968750 0.953125 0.968750 0.984375 0.921875 0.937500 0.953125 0.968750 0.953125 0.968750 0.984375 0.921875 0.937500 0.968750 0.984375 0.796875 0.796875 0.796875 0.796875 0.796875 0.796875 0.796875 0.796875 0.796875 0.796875 0.796875 0.796875 0.796875 0.796875 0.796875 0.796875 0.796875 0.796875 0.796875 0.796875 0.796875 0.0 -1.0 -1.0 -1.0 1.0 1.0 1.0 -1.0 -1.0 -1.0 -1.0 1.0 1.0 1.0 -1.0 -1.0 -1.0 1.0 1.0 1.0 1.0 -1.0 -1.0 -1.0 -1.0 1.0 1.0 1.0 0.0 0.0 0.0 0.0 0.0 0.0 0.0 0.0 0.0 0.0 0.0 0.0 0.0 0.0 0.0 0.0 0.0 0.0 0.0 0.0 0.0 
0.796875 0.796875 0.796875 0.796875 0.796875 0.796875 0.796875 0.796875 0.796875 0.796875 0.796875 0.796875 0.796875 0.796875 0.796875 0.796875 0.796875 0.796875 0.796875 0.796875 0.796875 0.968750 0.968750 0.984375 0.796875 0.796875 0.796875 0.796875 0.953125 0.968750 1.0 1.0 0.796875 0.796875 0.796875 0.953125 0.968750 0.984375 1.0 0.796875 0.796875 0.796875 0.968750 0.984375 0.796875 0.796875 0.796875 0.796875 0.796875 0.0 0.0 0.0 0.0 0.0 0.0 0.0 0.0 0.0 0.0 0.0 0.0 0.0 0.0 0.0 0.0 0.0 0.0 0.0 0.0 0.0 1.0 1.0 1.0 1.0 0.0 0.0 0.0 1.0 1.0 1.0 1.0 0.0 0.0 0.0 1.0 1.0 1.0 1.0 0.0 0.0 0.0 1.0 1.0 0.0 0.0 0.0 0.0 0.0 
0.796875 0.796875 0.796875 0.796875 0.796875 0.796875 0.796875 0.796875 0.968750 0.984375 1.0 0.953125 0.968750 0.968750 0.953125 0.968750 0.984375 1.0 0.937500 0.953125 0.968750 0.953125 0.968750 0.984375 0.921875 0.937500 0.953125 0.968750 0.953125 0.968750 0.984375 1.0 0.937500 0.968750 0.984375 0.796875 0.796875 0.796875 0.796875 0.796875 0.796875 0.796875 0.796875 0.796875 0.796875 0.796875 0.796875 0.796875 0.796875 0.0 0.0 0.0 0.0 0.0 0.0 0.0 0.0 -1.0 -1.0 -1.0 1.0 1.0 1.0 -1.0 -1.0 -1.0 -1.0 1.0 1.0 1.0 -1.0 -1.0 -1.0 -1.0 1.0 1.0 1.0 -1.0 -1.0 -1.0 -1.0 1.0 1.0 1.0 0.0 0.0 0.0 0.0 0.0 0.0 0.0 0.0 0.0 0.0 0.0 0.0 0.0 0.0 
0.781250 0.781250 0.781250 0.781250 0.781250 0.781250 0.781250 0.781250 0.781250 0.781250 0.781250 0.781250 0.781250 0.781250 0.781250 0.781250 0.781250 0.781250 0.781250 0.781250 0.781250 0.953125 0.968750 0.984375 0.937500 0.953125 0.953125 0.968750 0.953125 0.968750 0.984375 0.921875 0.937500 0.953125 0.984375 0.953125 0.968750 0.984375 0.921875 0.937500 0.953125 0.968750 0.953125 0.968750 0.984375 0.921875 0.953125 0.968750 0.781250 0.0 0.0 0.0 0.0 0.0 0.0 0.0 0.0 0.0 0.0 0.0 0.0 0.0 0.0 0.0 0.0 0.0 0.0 0.0 0.0 0.0 -1.0 -1.0 -1.0 -1.0 1.0 1.0 1.0 -1.0 -1.0 -1.0 1.0 1.0 1.0 1.0 -1.0 -1.0 -1.0 1.0 1.0 1.0 1.0 -1.0 -1.0 -1.0 1.0 1.0 1.0 0.0 
0.781250 0.781250 0.781250 0.781250 0.781250 0.781250 0.781250 0.781250 0.781250 0.781250 0.781250 0.781250 0.781250 0.781250 0.953125 0.968750 0.984375 0.781250 0.781250 0.781250 0.781250 0.953125 0.984375 0.984375 0.781250 0.781250 0.781250 0.781250 0.953125 0.968750 0.984375 0.781250 0.781250 0.781250 0.781250 0.968750 0.781250 0.781250 0.781250 0.781250 0.781250 0.781250 0.781250 0.781250 0.781250 0.781250 0.781250 0.781250 0.781250 0.0 0.0 0.0 0.0 0.0 0.0 0.0 0.0 0.0 0.0 0.0 0.0 0.0 0.0 1.0 1.0 1.0 0.0 0.0 0.0 0.0 1.0 1.0 1.0 1.0 0.0 0.0 0.0 1.0 1.0 1.0 0.0 0.0 0.0 0.0 1.0 0.0 0.0 0.0 0.0 0.0 0.0 0.0 0.0 0.0 0.0 0.0 0.0 0.0 
