#Each row means the MLP activations: [age_p0, age_p1, ..., age_pn, pol_p0, pol_p1, ..., pol_pn], the current event's pol is at the center of the polarity channel, i.e., the fifth one for a 3x3 patch. the order for expanding the 3x3 patch 0 3 6 to a one-axis array is 0,1,2,3,4,5,6,7,8.
                                                                                                                               1 4 7
                                                                                                                               2 5 8
[[1. 1. 1. 1. 1. 1. 1. 1. 1. 0. 0. 0. 0. 1. 0. 0. 0. 0.]]
[[1. 1. 1. 1. 1. 1. 1. 1. 1. 0. 0. 0. 0. 1. 0. 0. 0. 0.]]
[[1. 1. 1. 1. 1. 1. 1. 1. 1. 0. 0. 0. 0. 1. 0. 0. 1. 0.]]
[[1. 1. 1. 1. 1. 1. 1. 1. 1. 0. 0. 0. 0. 1. 0. 0. 0. 0.]]
[[1. 1. 1. 1. 1. 1. 1. 1. 1. 0. 1. 0. 0. 1. 0. 0. 0. 0.]]
[[1. 1. 1. 1. 1. 1. 1. 1. 1. 1. 0. 0. 1. 1. 1. 0. 0. 0.]]
[[1. 1. 1. 1. 1. 1. 1. 1. 1. 0. 0. 0. 1. 1. 1. 1. 0. 0.]]
[[1. 1. 1. 1. 1. 1. 1. 1. 1. 1. 1. 0. 0. 1. 0. 1. 1. 0.]]
[[0.9921875 0.9921875 0.9921875 0.9921875 0.9921875 0.9921875 0.9921875
  0.9921875 0.9921875 1.        1.        1.        1.        1.
  1.        1.        1.        1.       ]]
[[0.984375 0.984375 0.984375 0.984375 0.984375 0.984375 0.984375 0.984375
  0.984375 1.       0.       0.       1.       1.       0.       0.
  0.       0.      ]]
[[0.984375  0.984375  0.984375  0.984375  0.9921875 0.984375  0.984375
  0.984375  0.984375  1.        1.        1.        1.        1.
  1.        1.        1.        1.       ]]
[[0.984375 0.984375 0.984375 0.984375 0.984375 0.984375 0.984375 1.
  0.984375 1.       0.       0.       1.       1.       0.       1.
  1.       0.      ]]
[[0.984375 0.984375 0.984375 0.984375 0.984375 0.984375 0.984375 1.
  0.984375 0.       0.       0.       1.       1.       0.       1.
  1.       0.      ]]
[[0.984375 0.984375 1.       1.       0.984375 1.       0.984375 0.984375
  1.       1.       1.       1.       1.       1.       1.       1.
  1.       1.      ]]
[[0.9921875 0.9765625 0.9765625 0.9921875 0.9765625 0.9765625 0.9765625
  0.9765625 0.9765625 1.        0.        0.        1.        1.
  0.        0.        0.        0.       ]]
[[0.9765625 0.9765625 0.9765625 0.9921875 0.9765625 0.9765625 0.9921875
  0.9765625 0.9765625 0.        0.        0.        1.        1.
  0.        1.        0.        0.       ]]
[[0.9765625 0.9921875 1.        0.9921875 0.9921875 0.9765625 0.9765625
  0.9921875 1.        1.        1.        1.        1.        1.
  0.        1.        1.        1.       ]]
[[0.9921875 1.        0.9765625 1.        0.9765625 0.9765625 0.9921875
  1.        0.9765625 1.        1.        0.        1.        1.
  0.        1.        1.        0.       ]]
[[0.984375  0.9921875 0.96875   0.9921875 0.9921875 0.96875   0.984375
  0.9921875 0.96875   1.        1.        0.        1.        1.
  0.        1.        1.        0.       ]]
[[0.96875  0.96875  0.984375 0.96875  0.96875  0.96875  0.96875  0.96875
  0.96875  0.       1.       1.       0.       2.       1.       0.
  0.       0.      ]]
[[1.        0.96875   0.96875   0.9921875 0.96875   0.96875   0.96875
  0.96875   0.96875   1.        0.        0.        1.        1.
  0.        0.        0.        0.       ]]
[[0.96875   0.96875   0.96875   0.9921875 0.96875   0.96875   1.
  0.96875   0.96875   0.        0.        0.        1.        1.
  0.        1.        0.        0.       ]]
[[0.96875  0.96875  0.96875  0.96875  0.96875  0.96875  0.96875  0.96875
  0.984375 0.       0.       0.       0.       2.       1.       0.
  1.       1.      ]]
[[0.96875  1.       0.96875  0.96875  0.96875  0.984375 0.96875  1.
  0.96875  0.       2.       1.       0.       2.       1.       0.
  2.       1.      ]]
[[0.9921875 1.        0.96875   1.        0.96875   0.96875   0.9921875
  1.        0.96875   1.        1.        0.        1.        1.
  0.        1.        1.        0.       ]]
[[0.96875   0.96875   0.984375  0.984375  0.984375  0.9921875 0.96875
  0.96875   0.984375  1.        1.        1.        1.        2.
  1.        1.        1.        1.       ]]
[[0.9921875 0.9609375 0.9609375 0.9921875 0.9765625 0.9921875 0.9921875
  0.9609375 0.9609375 2.        1.        1.        2.        2.
  2.        2.        1.        1.       ]]
[[0.9921875 0.9609375 0.9609375 0.9921875 0.9609375 0.9609375 0.9921875
  0.9609375 0.9609375 1.        0.        0.        1.        1.
  0.        1.        0.        0.       ]]
[[0.9609375 0.9765625 0.984375  0.9921875 0.984375  0.9921875 0.9609375
  0.9765625 0.984375  1.        1.        1.        2.        2.
  1.        1.        1.        1.       ]]
[[0.9921875 1.        0.9921875 0.9921875 0.9609375 0.9609375 0.9609375
  0.9609375 0.9609375 2.        2.        2.        2.        2.
  1.        0.        0.        0.       ]]
[[0.984375  0.9921875 0.9609375 0.9921875 0.9921875 1.        0.984375
  0.9921875 0.9609375 1.        1.        0.        1.        1.
  1.        1.        1.        0.       ]]
[[0.9609375 0.9609375 0.9609375 0.9921875 0.9609375 0.9609375 0.9921875
  1.        0.9921875 0.        0.        0.        2.        2.
  1.        2.        2.        2.       ]]
[[1.        1.        0.9609375 0.9921875 0.9609375 0.9609375 0.9609375
  0.9609375 0.9609375 1.        1.        0.        1.        1.
  0.        0.        0.        0.       ]]
[[0.9609375 0.9609375 0.9609375 0.9921875 0.9609375 0.9609375 1.
  1.        0.9609375 0.        0.        0.        1.        1.
  0.        1.        1.        0.       ]]
[[0.953125  0.953125  0.953125  0.9921875 0.953125  0.953125  0.9921875
  0.953125  0.953125  0.        0.        0.        1.        1.
  0.        1.        0.        0.       ]]
[[0.96875   0.9765625 0.984375  0.9921875 0.984375  0.9921875 0.96875
  0.9765625 0.984375  1.        1.        1.        2.        2.
  1.        1.        1.        1.       ]]
[[0.9921875 0.984375  0.9921875 0.9921875 0.953125  0.96875   0.953125
  0.953125  0.953125  2.        2.        2.        2.        2.
  1.        0.        0.        0.       ]]
[[0.9921875 1.        0.953125  0.9921875 0.953125  0.953125  0.9921875
  0.953125  0.953125  1.        1.        0.        1.        1.
  0.        1.        0.        0.       ]]
[[0.9921875 0.953125  0.96875   0.9921875 0.984375  0.9921875 0.9921875
  1.        0.96875   2.        1.        1.        2.        2.
  2.        2.        2.        1.       ]]
[[0.984375  0.9921875 1.        0.9921875 0.9921875 1.        0.984375
  0.9921875 0.953125  1.        1.        1.        1.        1.
  1.        1.        1.        0.       ]]
[[1.        1.        0.953125  0.9921875 0.953125  0.953125  0.953125
  0.953125  0.953125  1.        1.        0.        1.        1.
  0.        0.        0.        0.       ]]
[[0.953125  0.953125  0.953125  0.9921875 0.953125  0.96875   0.9921875
  1.        0.9921875 0.        0.        0.        2.        2.
  1.        2.        2.        2.       ]]
[[0.984375  0.9921875 0.9453125 0.9921875 0.9921875 0.9453125 0.984375
  0.9921875 0.9453125 1.        1.        0.        1.        1.
  0.        1.        1.        0.       ]]
[[0.9453125 0.9453125 0.9453125 0.9921875 0.9609375 0.96875   0.9921875
  0.984375  0.9921875 0.        0.        0.        2.        2.
  1.        2.        2.        2.       ]]
[[1.        0.9453125 0.9453125 0.9921875 0.9453125 0.9453125 0.9453125
  0.9453125 0.9453125 1.        0.        0.        1.        1.
  0.        0.        0.        0.       ]]
[[0.96875   0.9765625 0.984375  0.9921875 0.984375  0.9921875 0.96875
  0.9765625 0.984375  1.        1.        1.        2.        2.
  1.        1.        1.        1.       ]]
[[0.9453125 0.9453125 0.9453125 0.9453125 0.9453125 0.9453125 0.984375
  0.9921875 0.9453125 0.        0.        0.        0.        1.
  0.        1.        1.        0.       ]]
[[0.9921875 0.984375  0.9921875 0.9921875 0.9609375 0.96875   0.9453125
  0.9453125 0.9453125 2.        2.        2.        2.        2.
  1.        0.        0.        0.       ]]
[[0.9921875 1.        0.96875   0.9921875 0.984375  0.9921875 0.9921875
  1.        0.96875   2.        2.        1.        2.        2.
  2.        2.        2.        1.       ]]
[[0.9921875 0.9453125 0.9453125 1.        0.9453125 0.9453125 0.9921875
  1.        0.9453125 1.        0.        0.        1.        1.
  0.        1.        1.        0.       ]]
[[1.        0.9453125 0.9453125 0.9921875 0.9453125 0.9453125 1.
  1.        0.9453125 1.        0.        0.        1.        1.
  0.        1.        1.        0.       ]]
[[0.9921875 0.9375    0.9375    0.9921875 0.9375    0.9375    0.9921875
  0.9375    0.9375    1.        0.        0.        1.        1.
  0.        1.        0.        0.       ]]
[[0.96875   0.9765625 0.984375  0.9921875 0.984375  0.9921875 0.96875
  0.9765625 0.984375  1.        1.        1.        2.        2.
  1.        1.        1.        1.       ]]
[[0.9921875 0.9609375 0.96875   0.9921875 0.984375  0.9921875 0.9921875
  0.9609375 0.96875   2.        1.        1.        2.        2.
  2.        2.        1.        1.       ]]
[[0.9921875 1.        0.9375    0.9921875 0.9375    0.9375    0.9375
  0.9375    0.9375    1.        1.        0.        1.        1.
  0.        0.        0.        0.       ]]
[[0.9375    0.9375    0.9375    0.9921875 0.9375    0.9375    0.9921875
  1.        0.9375    0.        0.        0.        1.        1.
  0.        1.        1.        0.       ]]
[[0.9375    0.9375    0.9375    0.9921875 0.9375    0.9375    0.984375
  0.9921875 1.        0.        0.        0.        1.        1.
  0.        1.        1.        1.       ]]
[[0.9375    0.9375    0.9375    0.9921875 0.9609375 0.96875   0.9921875
  1.        0.9921875 0.        0.        0.        2.        2.
  1.        2.        2.        2.       ]]
[[0.9921875 1.        0.9921875 0.9921875 0.9609375 0.96875   0.9375
  0.9375    0.9375    2.        2.        2.        2.        2.
  1.        0.        0.        0.       ]]
[[0.9921875 0.9296875 0.9296875 0.9921875 0.9296875 0.9296875 0.9921875
  0.9296875 0.9296875 1.        0.        0.        1.        1.
  0.        1.        0.        0.       ]]
[[0.9921875 1.        0.9296875 0.9921875 0.9296875 0.9296875 0.9296875
  0.9296875 0.9296875 1.        1.        0.        1.        1.
  0.        0.        0.        0.       ]]
[[0.9296875 0.9296875 0.9296875 0.9921875 0.9609375 0.96875   0.9921875
  0.984375  0.9921875 0.        0.        0.        2.        2.
  1.        2.        2.        2.       ]]
[[0.96875   0.9765625 0.984375  0.9921875 0.984375  0.984375  0.96875
  0.9765625 0.984375  1.        1.        1.        2.        2.
  1.        1.        1.        1.       ]]
[[0.9296875 0.9296875 0.9296875 0.9921875 0.9296875 0.9296875 0.984375
  0.9921875 0.9296875 0.        0.        0.        1.        1.
  0.        1.        1.        0.       ]]
[[0.9921875 0.984375  0.9921875 0.9921875 0.9609375 0.96875   0.9296875
  0.9296875 0.9296875 2.        2.        2.        2.        2.
  1.        0.        0.        0.       ]]
[[1.        0.9296875 0.9296875 0.9921875 0.9296875 0.9296875 0.9921875
  1.        0.9296875 1.        0.        0.        1.        1.
  0.        1.        1.        0.       ]]
[[0.9921875 1.        0.96875   0.9921875 0.984375  0.9921875 0.9921875
  1.        0.96875   2.        2.        1.        2.        2.
  2.        2.        2.        1.       ]]
[[0.921875  0.921875  0.921875  0.9921875 0.921875  0.921875  0.984375
  0.9921875 0.921875  0.        0.        0.        1.        1.
  0.        1.        1.        0.       ]]
[[1.        0.921875  0.921875  0.9921875 0.921875  0.921875  0.9921875
  0.921875  0.921875  1.        0.        0.        1.        1.
  0.        1.        0.        0.       ]]
[[0.9921875 0.9609375 0.96875   0.9921875 0.984375  0.9921875 0.9921875
  0.9609375 0.96875   2.        1.        1.        2.        2.
  2.        2.        1.        1.       ]]
[[0.9921875 1.        0.921875  0.9921875 0.921875  0.921875  0.9921875
  0.921875  0.921875  1.        1.        0.        1.        1.
  0.        1.        0.        0.       ]]
[[0.9921875 1.        0.9921875 0.9921875 0.9609375 0.96875   0.921875
  0.921875  0.921875  2.        2.        2.        2.        2.
  1.        0.        0.        0.       ]]
[[0.921875  0.921875  0.9765625 0.9921875 0.9609375 0.96875   0.9921875
  1.        0.9921875 0.        0.        1.        2.        2.
  1.        2.        2.        2.       ]]
[[0.9921875 0.9140625 0.9140625 0.9921875 0.9140625 0.9140625 0.9140625
  0.9140625 0.9140625 1.        0.        0.        1.        1.
  0.        0.        0.        0.       ]]
[[0.9921875 0.984375  0.96875   0.9921875 0.9609375 0.96875   0.9140625
  0.9140625 0.9140625 2.        2.        1.        2.        2.
  1.        0.        0.        0.       ]]
[[0.984375  0.9921875 1.        0.984375  0.9140625 0.9140625 0.9140625
  0.9140625 0.9140625 1.        1.        1.        1.        1.
  0.        0.        0.        0.       ]]
[[0.9140625 0.9140625 0.9140625 0.9921875 0.9140625 0.9140625 0.9921875
  1.        0.9140625 0.        0.        0.        1.        1.
  0.        1.        1.        0.       ]]
[[0.9140625 0.9140625 0.9140625 0.9921875 0.9140625 0.9140625 0.984375
  0.9921875 1.        0.        0.        0.        1.        1.
  0.        1.        1.        1.       ]]
[[0.9140625 0.9140625 0.9140625 0.9140625 0.96875   0.9765625 0.9921875
  0.9609375 0.96875   0.        0.        0.        0.        2.
  1.        2.        1.        1.       ]]
[[0.9140625 0.9140625 0.9140625 1.        0.9140625 0.9140625 0.9921875
  1.        0.9140625 0.        0.        0.        1.        1.
  0.        1.        1.        0.       ]]
[[0.9140625 1.        0.9765625 0.9921875 0.9609375 0.96875   0.9921875
  0.984375  0.96875   0.        2.        1.        2.        2.
  1.        2.        2.        1.       ]]
[[0.9921875 1.        0.96875   0.9921875 0.984375  0.96875   0.9921875
  1.        0.96875   2.        2.        1.        2.        2.
  1.        2.        2.        1.       ]]
[[0.9921875 0.90625   0.90625   0.9921875 0.90625   0.90625   0.9921875
  0.90625   0.90625   1.        0.        0.        1.        1.
  0.        1.        0.        0.       ]]
[[0.984375  0.9921875 0.90625   0.9921875 0.90625   0.90625   0.90625
  0.90625   0.90625   1.        1.        0.        1.        1.
  0.        0.        0.        0.       ]]
[[0.90625   0.90625   0.90625   0.9921875 0.96875   0.9765625 0.9921875
  0.9609375 0.96875   0.        0.        0.        2.        2.
  1.        2.        1.        1.       ]]
[[0.9921875 0.9609375 0.96875   0.9921875 0.9609375 0.96875   0.90625
  0.90625   0.90625   2.        1.        1.        2.        2.
  1.        0.        0.        0.       ]]
[[0.9921875 0.9609375 0.96875   0.9921875 0.9609375 0.96875   0.9921875
  1.        0.96875   2.        1.        1.        2.        2.
  1.        2.        2.        1.       ]]
[[0.9921875 1.        0.9765625 0.9921875 0.9609375 0.96875   0.9921875
  1.        0.96875   2.        2.        1.        2.        2.
  1.        2.        2.        1.       ]]
[[0.90625   0.90625   0.90625   0.9921875 0.90625   0.90625   0.9921875
  1.        0.90625   0.        0.        0.        1.        1.
  0.        1.        1.        0.       ]]
[[0.9921875 1.        0.90625   0.9921875 0.90625   0.90625   1.
  0.90625   0.90625   1.        1.        0.        1.        1.
  0.        1.        0.        0.       ]]
[[0.984375  0.9921875 0.8984375 0.984375  0.9921875 0.8984375 0.984375
  0.9921875 0.8984375 1.        1.        0.        1.        1.
  0.        1.        1.        0.       ]]
[[0.9921875 0.8984375 0.8984375 1.        0.8984375 0.8984375 0.9921875
  0.8984375 0.8984375 1.        0.        0.        1.        1.
  0.        1.        0.        0.       ]]
[[0.8984375 0.8984375 0.8984375 0.9921875 0.96875   0.9765625 0.9921875
  0.9609375 0.96875   0.        0.        0.        2.        2.
  1.        2.        1.        1.       ]]
[[0.9921875 1.        0.9765625 0.9921875 0.9609375 0.96875   0.9921875
  0.9609375 0.96875   2.        2.        1.        2.        2.
  1.        2.        1.        1.       ]]
[[1.        1.        0.8984375 0.9921875 0.8984375 0.8984375 0.8984375
  0.8984375 0.8984375 1.        1.        0.        1.        1.
  0.        0.        0.        0.       ]]
[[0.9921875 0.9609375 0.96875   0.9921875 0.9609375 0.96875   0.8984375
  0.8984375 0.8984375 2.        1.        1.        2.        2.
  1.        0.        0.        0.       ]]
[[0.8984375 0.8984375 0.8984375 0.9921875 0.8984375 0.8984375 1.
  1.        0.8984375 0.        0.        0.        1.        1.
  0.        1.        1.        0.       ]]
[[0.9921875 1.        0.96875   0.9921875 0.9609375 0.96875   0.9921875
  1.        0.96875   2.        2.        1.        2.        2.
  1.        2.        2.        1.       ]]
[[0.890625  0.890625  0.890625  0.9921875 0.96875   0.9765625 0.9921875
  0.9609375 0.96875   0.        0.        0.        2.        2.
  1.        2.        1.        1.       ]]
[[0.9921875 0.890625  0.890625  0.9921875 0.890625  0.890625  0.9921875
  0.890625  0.890625  1.        0.        0.        1.        1.
  0.        1.        0.        0.       ]]
